2.989896760185730984e-07
2.935795560533111319e-07
3.166799399842927747e-07
3.118977283701362429e-07
3.094493578918638651e-07
3.387115648111143588e-07
3.206780140462687305e-07
3.054463909400073131e-07
3.126659516197547736e-07
3.215843572452973807e-07
2.976311033437464872e-07
3.156841527632382593e-07
3.162085418211506366e-07
3.267017424677852741e-07
3.068883744757164093e-07
2.999281930853452094e-07
3.013272125868374592e-07
3.009452858095801156e-07
2.924515688677405454e-07
3.076224421886865568e-07
3.052982379339745510e-07
2.941266516898473245e-07
3.222461238936595520e-07
3.058260208336762383e-07
3.171763120802129093e-07
3.194281101405152174e-07
3.155723886186923924e-07
3.107073788388290350e-07
3.041843276331395928e-07
3.076309877667028732e-07
3.128619159049206301e-07
3.043814011380946167e-07
3.149850382744043602e-07
3.171194199737901376e-07
3.237004264004120389e-07
3.181489229708757623e-07
3.160161014977461908e-07
3.008466382386920624e-07
3.233795378498671617e-07
3.226470173714628838e-07
3.028138915917555631e-07
3.113203747785746769e-07
3.091529175504361872e-07
3.798371375502268147e-07
3.043311888010203648e-07
3.055137085194766160e-07
3.293101452498447808e-07
3.092116571292175524e-07
3.118752097719449014e-07
3.053134112969952261e-07
3.142483982219304776e-07
3.256932854766085567e-07
3.039895952440257693e-07
3.036640303916177041e-07
3.052228341213907661e-07
3.011403421203036975e-07
3.071853128887606764e-07
3.015636514975047131e-07
2.986053253527903149e-07
3.087059739342025567e-07
3.075962548751573447e-07
3.274770375474339693e-07
3.138648466442175079e-07
3.015308826140063458e-07
3.048245184461186777e-07
2.778573942394077934e-06
3.113489375408477958e-07
3.124896051182103936e-07
3.162628527690040838e-07
3.022744555271163655e-07
2.929929707567087474e-07
2.997502101172540180e-07
3.052160297481190577e-07
2.977510913250965024e-07
3.093770850538300510e-07
3.004771261184783679e-07
2.999906346792250251e-07
3.007519533395301198e-07
3.137539259029353855e-07
3.071651196871251370e-07
3.077035580820861996e-07
3.048797005699147213e-07
3.019528240250098133e-07
3.259298793530934583e-07
3.068403338123256700e-07
3.076523293610763910e-07
6.240210235126378113e-06
3.213728596944061532e-07
3.038102780747181739e-07
3.019477585444856368e-07
3.068547074994544065e-07
3.201226425248977799e-07
1.747803537699582973e-06
3.116551852696716561e-07
3.061729920147319102e-07
3.117610812239761950e-07
2.962424627953838908e-07
3.096627355799233868e-07
3.122081735695334173e-07
3.150552976223906543e-07
3.069799552498100361e-07
3.085314458142086980e-07
3.333309194946254515e-07
3.827967035978058551e-07
3.150801544025628530e-07
3.250117632602463329e-07
3.086652694914522362e-07
3.114614291817245727e-07
3.249725309379762246e-07
2.101704866037239594e-06
3.122235346766126521e-07
3.166467634640168018e-07
3.864888272626555207e-06
2.996752724067388643e-07
3.141353342473817897e-07
3.155153520465094505e-07
3.141181375974177125e-07
3.176131760075544517e-07
3.033215437011464819e-07
3.160632110750062899e-07
2.947428321899269754e-07
-2.633476012629024964e-06
3.293136979278828171e-07
2.865464814006903931e-07
3.113709955509654162e-07
3.593498279318583797e-07
3.312881574216846941e-07
3.255703356002651651e-07
4.234229609554258751e-06
3.031570982479146629e-07
3.045657065078127901e-07
3.094627895014532179e-07
3.193051768275869131e-07
2.349600643774457708e-06
2.836960022751613879e-07
3.322604590835885028e-07
3.192786008647063837e-07
3.045292318194386827e-07
3.100673512976939074e-07
2.974147019226129235e-07
3.219654161192555273e-07
2.939800447465548717e-07
2.900927304830440721e-07
3.122903565797233981e-07
3.196073584038074325e-07
2.961136153153059567e-07
2.963082921615577531e-07
3.153506197718325121e-07
3.067216517001565241e-07
3.182005879263218906e-07
2.978654035971944982e-07
3.073284670477554371e-07
3.347503135078739410e-07
3.002972845835246536e-07
2.942420918561173570e-07
4.959497151065525253e-07
3.134548317562457779e-07
3.265053918375172600e-07
3.042384578939215589e-07
3.163602834852436054e-07
3.080877693177461012e-07
3.004461700763677465e-07
3.047523818264318161e-07
3.144461242738290050e-07
3.072814654644871428e-07
3.053438714947120476e-07
3.217054496443384877e-07
3.054906457905763765e-07
3.038172884393037243e-07
3.067056992341368873e-07
3.155765346531530327e-07
3.085033488001615435e-07
3.228437853038983384e-07
3.078271807504737443e-07
3.067028098847707918e-07
3.106918770536389082e-07
3.054580248036251183e-07
3.201536945274049829e-07
3.041625714766681625e-07
3.063351683535438995e-07
3.120130748251258494e-07
3.338340136883951286e-07
3.172388859279535839e-07
3.714029014840208233e-07
3.085663677840977834e-07
3.013874540203239235e-07
3.168166426316621636e-07
2.951822550810927119e-07
3.115572097684989697e-07
-1.147018794025467504e-06
2.866523818281680914e-07
3.134162365733101885e-07
3.171231908207898031e-07
2.997941345204412104e-07
3.233830491239054854e-07
3.239687778200950421e-07
3.165729419616446673e-07
3.016518084959660059e-07
3.077011462963439102e-07
3.216155265719329652e-07
3.191925080036756798e-07
3.116936165005526329e-07
3.229037208340576276e-07
2.962861207787479259e-07
3.177565587571054867e-07
2.947583026068470225e-07
6.125583154481302692e-06
2.971695593289284584e-07
2.988188672411532889e-07
3.114722259498832284e-07
2.933582179368311635e-07
3.148868672138102799e-07
3.185745088711234850e-07
3.090012493301941475e-07
3.056331148592766872e-07
3.052371888140437826e-07
3.156741789659387264e-07
3.057479316270506628e-07
3.200189231518409662e-07
3.298384570410951355e-07
3.264171099246488284e-07
3.072677180721863233e-07
3.141301597970807828e-07
3.148414778686110486e-07
3.137636557019060764e-07
2.994244275519034632e-07
3.120177062420628529e-07
2.956816651287865051e-07
3.243366755890367834e-07
3.068549532351639727e-07
-7.910758254316024715e-07
3.046003858920384893e-07
3.066875120064776080e-07
3.170447977853261430e-07
3.133626904416693016e-07
2.990028600115124640e-07
3.636761456270596854e-07
3.044073889566926503e-07
3.012823906041929384e-07
3.044148918588001058e-07
3.129421247829782219e-07
3.251809243191609235e-07
3.047649284138224660e-07
3.244632445644506297e-07
3.129431457690182698e-07
3.107963536140984724e-07
3.170453237134542879e-07
3.164903058815007213e-07
3.165539053296868122e-07
3.001453313895300723e-07
3.111641423238393621e-07
2.941219620861333107e-07
3.141735078731709842e-07
3.268860601892076114e-07
3.098692501007759439e-07
3.228323901752411381e-07
3.329427224386538421e-07
3.132772950963160020e-07
3.074499990881947247e-07
3.189975714855257582e-07
3.034988088802817450e-07
3.135703579640992461e-07
3.184587772004945695e-07
3.164470601202367840e-07
3.073494634335171999e-07
2.018094450512115468e-06
3.265108951214336551e-07
3.101953151414135903e-07
3.047848343807715573e-07
3.151662385689485840e-07
2.950624092792056176e-07
3.099027363335088610e-07
3.067097466957280375e-07
3.125594547057268005e-07
3.020462219220482873e-07
3.111307838793069561e-07
2.902045607245532692e-07
3.054200240171073381e-07
3.053777974468403213e-07
3.115018850780424514e-07
3.110178947030262012e-07
2.954394013122403804e-07
3.159095078647425396e-07
3.130341465191649124e-07
3.184496387443209444e-07
3.214011664847273101e-07
3.078834133866731551e-07
3.283018210451758502e-07
3.208759546242589272e-07
3.135067623046861285e-07
3.036629108211738008e-07
3.132850382900209260e-07
3.196744257757790145e-07
3.118656277628316966e-07
3.092906073299956887e-07
3.171319325712842320e-07
3.047138467894769611e-07
3.108653322075298860e-07
3.113041623766954551e-07
3.187913447642063759e-07
2.968953271843619696e-07
3.055279880502112304e-07
3.151190037855320706e-07
3.022043244490095794e-07
-1.048331267198359666e-06
3.091767315458946490e-07
3.024535016930892679e-07
3.079525627160097393e-07
3.094489749008997879e-07
3.110075831255492326e-07
3.243972643411927536e-07
3.048338932617769062e-07
3.163400261240961244e-07
3.294937381425514378e-07
3.081624324527892000e-07
3.272322380440543603e-07
3.086540521216831474e-07
3.019750991561332301e-07
3.178499890166606257e-07
3.134938910881070598e-07
3.151706363716446657e-07
3.128282799912429337e-07
3.223598680500662451e-07
3.011872609917432050e-07
3.161888526000745017e-07
3.279029215559318367e-07
2.875360945799634175e-07
3.381527412511294771e-07
3.036886277770623984e-07
3.223591950395917766e-07
3.122836043886236249e-07
2.880445050650428797e-07
3.195163215667103450e-07
2.664132905493765439e-06
3.039178030087149190e-07
3.212594030202023291e-07
3.181853856506231132e-07
3.122925490073192988e-07
2.902602784529435189e-07
3.090216520772291894e-07
3.240413810732501010e-07
3.112105510080783442e-07
3.017571310849476560e-07
3.103497031533445727e-07
3.169200455161066107e-07
3.187781453195764724e-07
3.098505405055282007e-07
3.027718094182255898e-07
3.186027032397382419e-07
3.023207142806526336e-07
3.196588905441236307e-07
-9.379639833680155515e-07
3.039923678865988830e-07
3.432355990202405587e-07
3.082796145110142701e-07
3.176557113888478448e-07
2.979143684449741623e-07
3.044695383559527757e-07
3.250900835427983975e-07
2.986903702232254767e-07
3.148592806816453013e-07
3.019161337275973257e-07
3.137338793364919181e-07
3.072654717635494926e-07
3.013731493413856636e-07
3.169756126969494964e-07
3.082899306466777598e-07
3.020332102305494075e-07
2.963268705330343748e-07
3.181559493893035495e-07
3.151213306221871374e-07
3.100359424565748848e-07
2.992352293907707384e-07
3.097930367156776966e-07
2.792652002333902312e-07
3.187808712515259931e-07
3.112771044379788684e-07
2.922114546153026539e-07
2.074360832568521951e-06
2.876115322212443883e-07
3.050349218832661938e-07
3.178367469821646075e-07
3.098742834352735359e-07
3.081845615991129934e-07
-2.023188341228512460e-06
3.185615004411308448e-07
3.100331221583496067e-07
3.114877337464693053e-07
3.299491552362417954e-07
3.174739759614969727e-07
3.063635160567382844e-07
3.083646013587674262e-07
3.026381293687970910e-07
3.071987194234303508e-07
3.064300332195462669e-07
3.202750649667847661e-07
3.159925573677257721e-07
2.924817529257473337e-07
3.068024610770938697e-07
2.840558203972878815e-07
2.987820391198767258e-07
3.151469088883760629e-07
2.909628430723593206e-07
2.992235681798816617e-07
3.067224810992389456e-07
3.087644146409521515e-07
3.115456545290103160e-07
3.107456406129849985e-07
2.914054213755518033e-07
3.027014746319045027e-07
3.363501522393215224e-07
3.710098925726485522e-07
3.024581669869563721e-07
3.000518019163864285e-07
3.195350142088492412e-07
2.979667280100301968e-07
2.989137503562224245e-07
3.118892093382970826e-07
3.180693148636415577e-07
3.083604705044898065e-07
3.184179265096896443e-07
3.128770762825958280e-07
3.073622707624145640e-07
3.024536808209462584e-07
2.998850089760462469e-07
2.981350785616885983e-07
3.033889307675201135e-07
3.022031046996767195e-07
3.006119273088231224e-07
3.135304369291161795e-07
3.101635536653161537e-07
2.990367937335953533e-07
3.144611159814377989e-07
3.164307108513225503e-07
3.060249227092131666e-07
3.310632221343974365e-07
3.260057705112030189e-07
3.060959325169311663e-07
3.173279896379937466e-07
3.246831038191430634e-07
3.072674250381362830e-07
3.203497978497015623e-07
3.174112731607716115e-07
2.980917142488724825e-07
4.061866606549775428e-06
3.023095531683673643e-07
2.998599431575756482e-07
3.040521800463376186e-07
3.232511743713135781e-07
3.017976016034023914e-07
-1.600585666230909509e-06
2.997965529870926614e-07
2.989621834515426789e-07
2.973306851280236032e-07
3.126073134023271356e-07
3.201612485033484855e-07
3.531349150382083076e-07
3.072869580011448416e-07
3.168296369987853735e-07
7.039564370812461763e-06
3.053897427026411738e-07
3.132246889748426027e-07
2.965364263810244696e-07
3.109794202531397235e-07
3.120333000254542684e-07
3.332329250673004166e-07
3.129507151796872461e-07
3.389206127067306911e-07
3.242095793397790322e-07
3.208778383475148983e-07
3.188880638196746632e-07
3.110058523461443730e-07
2.987271126744490129e-07
2.496951633134317161e-06
3.275468509779057844e-07
3.214055597084647640e-07
3.140866660242121768e-07
3.124504085814915259e-07
3.209373818290598506e-07
3.173692407301923076e-07
3.297275245475784817e-06
3.138651104963640471e-07
3.103125416277893049e-07
3.017920384816347251e-07
3.228073501710270552e-07
2.979338137850025899e-07
2.881559510617464624e-07
3.232056009169270032e-07
3.223674127179687137e-07
3.084505535560907156e-07
3.113456350096804619e-07
3.102243739497697477e-07
3.121332194009068417e-07
3.033159224055692444e-07
3.019042584246466911e-07
2.882657884130029887e-07
3.018190997761217306e-07
2.947622298879065349e-07
3.044963320243961791e-07
2.983353614083119314e-07
3.161643089478011783e-07
3.270958409684118767e-07
3.029036055406698588e-07
3.151980294964433242e-07
3.030221231598581406e-07
3.073608567891696407e-07
3.108237157669435498e-07
3.129034943043503975e-07
3.199535400860413750e-07
3.185596950497456830e-07
3.106303543526644273e-07
3.129515917142342292e-07
-1.732820580215491178e-06
2.984614023930320662e-07
3.221247390560220846e-07
3.117062701954129349e-07
3.170467573976802072e-07
3.057476608869622690e-07
2.972883977190242915e-07
3.195766233643179621e-07
3.178029456018923373e-07
3.116642509918675189e-07
3.194823068754749901e-07
3.005809580991801365e-07
3.028204613969827819e-07
3.072534897439547076e-07
3.198866232233780663e-07
3.074026306119451708e-07
3.043478505728648250e-07
3.050050083757427563e-07
6.427505838772484814e-06
3.176703291762606617e-07
3.057528382845937724e-07
3.089081161554077550e-07
3.311282204579640623e-07
3.029929292801592435e-07
2.908305099014881770e-07
3.209951940763595031e-07
2.940354282516134031e-07
3.050627540602964550e-07
3.349300787930875501e-07
3.176365177776454332e-07
3.310227732271718105e-07
3.098046116919644341e-07
3.057450165849556802e-07
3.041120022801984966e-07
3.039867492549798105e-07
2.962488102428219463e-07
3.006222128044282802e-07
3.148617423765985456e-07
2.957242559599494075e-07
3.151233488838568052e-07
3.278057482130956519e-07
3.106743263051603857e-07
3.050979195303078141e-07
-1.582147394787988437e-06
3.239993765990021151e-07
3.076922837257700107e-07
3.124431702093758725e-07
2.936038122025207530e-07
3.017235411927141949e-07
3.204024124682028597e-07
3.205258130415603904e-07
4.875296696093000425e-06
3.037412432909796414e-07
3.310423913418735316e-07
3.113958096232154891e-07
3.034486830725860859e-07
3.151470690413174946e-07
3.026422054218474683e-07
4.900659709604230742e-06
3.166434628160212912e-07
3.120348962692877562e-07
3.225677220608407398e-07
3.161303909223812373e-07
3.071041506395006734e-07
3.305541699190265001e-07
3.231659289985408309e-07
2.992249557203743933e-07
3.092808977484416462e-07
3.272855152122890064e-07
3.124607711884689842e-07
3.113772839764950681e-07
3.028569230657895870e-07
3.160495870849784863e-07
2.982851460334718576e-07
3.156494687714152720e-07
3.339290087229560948e-07
3.302580195417628631e-07
3.103227120058163963e-07
3.406643993439670076e-07
3.137925828069869784e-07
3.188554862463875061e-07
3.237377027410365556e-07
3.128359380549733081e-07
3.079497732448438451e-07
3.210527163489120733e-07
3.149828233168970505e-07
3.111417034557415268e-07
3.087623841019600944e-07
3.006085622360883199e-07
3.074816059972841479e-07
3.176444830591031405e-07
3.052109093428698644e-07
3.215277488124718106e-07
2.704616816336560944e-07
3.255391298503837093e-07
3.315157225253099149e-07
3.065988340963584265e-07
3.030507062832373593e-07
2.910273845564984420e-07
3.138841857198467576e-07
3.199427036386938148e-07
2.949365766240959796e-07
2.926365756556024642e-07
3.016176163020027728e-07
3.106908392060560747e-07
3.092051965993311763e-07
2.994700449020519939e-07
3.132224533062019333e-07
3.345942811940160715e-07
3.087897214418225444e-07
3.074731739609069006e-07
3.093212936911570192e-07
3.137840655941943769e-07
3.131602657355578939e-07
3.252212523325645493e-07
3.167796005908187552e-07
2.820766739973652516e-07
3.105991202285597964e-07
3.166513952432727837e-07
3.058015283863272102e-07
3.115665697866153824e-07
3.057300126109173409e-07
3.112028144301604125e-07
3.045735695862236244e-07
3.132753527845587989e-07
3.073747074594889111e-07
3.094370267829640717e-07
2.911239247916594082e-07
3.202067616486114392e-07
3.129881238115465741e-07
3.068525025693305435e-07
3.273439159831338626e-07
3.167965283294826175e-07
2.949557983402296226e-07
2.910506353848088972e-07
2.936653474581013757e-07
3.126076697308375560e-07
3.095315897494308627e-07
3.073668327181410304e-07
3.147041166323090702e-07
3.030954441908722021e-07
3.080833828363058335e-07
3.159006495321925360e-07
3.198235890863648131e-07
2.977202850131778441e-07
2.947512667824901506e-07
3.118828594827725219e-07
3.175811575277360200e-07
3.046648835609044314e-07
3.042741720168392836e-07
3.094578060606293495e-07
3.030677280279974469e-07
3.004398387056018479e-07
3.385488379274012206e-07
3.067660115529068136e-07
3.120895181179060161e-07
3.074850126002358896e-07
3.415648649117199647e-07
3.192679101933170209e-07
3.160961390767397043e-07
3.124416526658670203e-07
3.147129375333698212e-07
3.071147500449532831e-07
3.028235025761425520e-07
3.055120820016722773e-07
3.078833341619696389e-07
3.073389468617299609e-07
3.050679065825701423e-07
3.070481926881290296e-07
3.109928473587148649e-07
3.113190356637091345e-07
3.085724624958206357e-07
3.038385384428960483e-07
3.130697593802144647e-07
3.299436979035500219e-07
3.428971290165963877e-07
3.214415316425889393e-07
3.013017909260310114e-07
3.140522788759059062e-07
3.298567676134177023e-07
3.122954944349381540e-07
3.071370650002920446e-07
2.376719992789728350e-06
3.053803328302936030e-07
2.988588184041383362e-07
3.470157605164205476e-07
2.997231811073441526e-07
3.144597412302288870e-07
3.131483671344080092e-07
3.171633538207333180e-07
3.426138544236311669e-07
3.214273267562188143e-07
3.050266237886538528e-07
3.110066490388521283e-07
3.358164147617822712e-07
-2.041179979290935430e-06
3.082550810663430937e-07
-7.985173458745433964e-07
3.299665011158968669e-07
3.141397007865475450e-07
2.940075540405857340e-07
3.197597057257198177e-07
3.139981783174334726e-07
3.046994509738355649e-07
3.046287904407251128e-07
3.156402830052037538e-07
3.133424899153623023e-07
3.204466776865729881e-07
3.064069192291765125e-07
3.004747650343968600e-07
3.056875869973625128e-07
3.176969779247029951e-07
3.056585819275919609e-07
3.110746856746856117e-07
3.288307669639228981e-07
3.118381967604853830e-07
3.205999361359350022e-07
3.163711291692910084e-07
3.053435716708493431e-07
3.157313650981134779e-07
3.014624432884032525e-07
3.169860634250852785e-07
3.232828898024368923e-07
2.980749702402272765e-07
3.215634836409599003e-07
3.155368985826840782e-07
3.123962623955451803e-07
2.973491471227118089e-07
3.011622912281442783e-07
3.121098217237618000e-07
3.191418511194184392e-07
3.137772021022941137e-07
3.016833299197020656e-07
3.208056483022147525e-07
2.952907383463746118e-07
2.996847702987803232e-07
2.976518768761745311e-07
3.183926581155707514e-07
2.920410469341269883e-07
3.072165845758409666e-07
3.341869889684100516e-07
3.166894300940449655e-07
3.242520156317888114e-07
3.268460739318102390e-07
3.106728039399914437e-07
3.165346120487477955e-07
3.101108188438804146e-07
3.159274168082736667e-07
3.130981923811818436e-07
2.973952350613889007e-07
3.264334263963070546e-07
3.185204302692405338e-07
3.098837750316440409e-07
3.061507407061061030e-07
2.944652421675213731e-07
2.963344591841228166e-07
3.128173109278717608e-07
3.134507894778910069e-07
3.522782098972764967e-07
2.978266949052098029e-07
3.196553581164584417e-07
3.148032393142254370e-07
2.940027841843182335e-07
3.018165671546500310e-07
3.113611158971462469e-07
-2.030536619783085176e-06
2.981345767266674608e-07
2.944354427531214691e-06
-1.854093921801330474e-06
3.545720941131227361e-07
3.071696378857575172e-07
3.040002467214700683e-07
3.152998257064330201e-07
3.142871905287866959e-07
2.979957517195025422e-07
3.029123814799854192e-07
2.892136492838591459e-07
3.096583761328449085e-07
3.086067815901916249e-07
2.982640833007285260e-07
3.110180591638667707e-07
3.096431558451075042e-07
3.289859534595328110e-07
2.993817700369152706e-07
3.026879532532308280e-07
3.001213678271427069e-07
3.355964166354392828e-07
3.173590987945454799e-07
3.177819296436404712e-07
3.133790846009185547e-07
3.063636775077920126e-07
3.144220321974574007e-07
4.849362081527546188e-06
3.070957335091234169e-07
3.109105327399241424e-07
3.042704093806307841e-07
3.029378027287336315e-07
3.047807124280435955e-07
3.000867498513293582e-07
3.015186250656434697e-07
3.112086240642915248e-07
3.115983025722875859e-07
3.053776746616568538e-07
3.182338729672798371e-07
3.110938134872662672e-07
3.224529000438978698e-07
3.107240413427226199e-07
3.270683208726805461e-07
3.098720008472526567e-07
3.144134432205940776e-07
3.275479282599166055e-07
3.023803549740291782e-07
3.350779279436268948e-07
3.042589192410230090e-07
-7.841446553468316468e-07
3.100716625479037552e-07
3.126695404315158848e-07
3.187403323353285853e-07
3.005267625268054830e-07
2.912598771518291265e-07
3.107560685811580289e-07
3.000146188950838764e-07
3.191989357038201114e-07
3.106725818206719658e-07
3.214071752098089363e-07
3.107735882793184996e-07
3.215146080086268832e-07
3.015955511660515005e-07
3.076756307701594030e-07
-2.517318781007321611e-06
3.022404432283160939e-07
3.025426564439826500e-07
2.989220143425275038e-07
3.042610180534161605e-07
3.123272433409191108e-07
2.950590416418770793e-07
-9.894994439342606954e-08
2.825416011602681558e-06
4.294802668354102852e-06
3.234628586542427465e-07
3.144769905191770206e-07
3.146781925493615504e-07
3.095086707553947453e-07
3.211618105191409875e-07
3.039960834056692259e-07
2.957588709803637945e-07
3.025638333095764190e-07
3.121061121632838498e-07
3.128614262410619719e-07
3.153156892948658532e-07
3.089364437144111194e-07
3.086330639314461582e-07
3.090522666457690705e-07
2.976405096216208078e-07
-2.502588977788171476e-06
3.239897651135853440e-07
3.117112545169626565e-07
3.008007048393200832e-07
3.047513644293503573e-07
3.038376192249262027e-07
3.176722658689350710e-07
3.129548807328293217e-07
3.067883874520865061e-07
3.090171821092324610e-07
2.888481096810291192e-07
3.076383256573414864e-07
3.086053808112624067e-07
3.084914532891189287e-07
3.082157391957091245e-07
3.148454368037397215e-07
3.112865718358494974e-07
3.077546352099336928e-07
3.174869942823166843e-07
3.144362270576869938e-07
3.093822163413738918e-07
3.049071690705543467e-07
2.200799772336849737e-07
3.153321940523511061e-07
3.117220923537835398e-07
2.811580617580822240e-07
3.229783008274524291e-07
3.133457226932297928e-07
3.036575017902774995e-07
3.096454413138676377e-07
3.104105147242180370e-07
3.066114242494925963e-07
3.137709870646259836e-07
3.020722459395942149e-07
3.095193136738247458e-07
3.046433702112555252e-07
3.004073413160505622e-07
3.069629877079793861e-07
3.058752696720831367e-07
3.187630106868205201e-07
3.079816218940326213e-07
3.000960801338536669e-07
3.572422839722688972e-07
2.987201724223908787e-07
3.155625196813263370e-07
2.947118861204661199e-07
3.010917243006016815e-07
3.044481987785027717e-07
2.951749909390115250e-07
3.065702387561876459e-07
3.048762213183512095e-07
3.036966967689079010e-07
3.024660550219816343e-07
3.192709607013096781e-07
2.998408094275951358e-07
3.091564152901895857e-07
3.428701444661941678e-07
3.054222868163726561e-07
2.943714484758724469e-07
3.076382923294274901e-07
3.179261086899762095e-07
3.032047528108516119e-07
3.010422116893398452e-07
3.017109834062430751e-07
3.008777266498738408e-07
3.083276516398598167e-07
3.115062887681929166e-07
3.143222767238524620e-07
3.081076055412866823e-07
3.030367651880553004e-07
3.044414025136447450e-07
2.976537319186792324e-07
2.982920740570466753e-07
3.269115443075927584e-07
3.125339117796571468e-07
3.143125996825529841e-07
3.020005448690434085e-07
3.166196179914400732e-07
2.949523231412537952e-07
3.072599263886911998e-07
3.085761666453166994e-07
3.073932623209680237e-07
2.935784939502766799e-07
3.181837365527667737e-07
3.013832310880282535e-07
3.080157484578926267e-07
3.113397563979602147e-07
3.030918971915861426e-07
3.184524213137622757e-07
3.123652928455959082e-07
3.079558984691972339e-07
2.931210579693204071e-07
3.097183785961707884e-07
2.986073994810332796e-07
3.059444321554116814e-07
3.047629217895531247e-07
3.108331876328803119e-07
2.937977883527793957e-07
3.065180712895409134e-07
1.273904785527192762e-06
3.059018488357376964e-07
3.191394859999942024e-07
3.200511690545021391e-07
3.388487981344931892e-07
3.795704182841784795e-07
3.080381716457964281e-07
3.228144486363776584e-07
3.126627830491703476e-07
-1.296065270570007413e-06
3.044771467188723170e-07
3.043679881449357801e-07
3.176228969192928297e-07
3.187813539625630905e-07
2.960418330910995329e-07
3.124784005794127510e-07
3.405317199314592437e-07
3.148854227393318601e-07
3.025121427121083956e-07
3.101133834979548989e-07
3.032774725099109107e-07
3.213225985022758427e-07
3.187152793183370161e-07
2.596317349334105968e-06
3.157247383501686141e-07
3.058740270767171722e-07
2.954880908706757156e-07
3.039526473898653224e-07
3.214079744342958415e-07
3.024160163547073598e-07
3.071633813061671937e-07
2.986785962187182148e-07
3.237712590998401518e-07
3.098804286773426913e-07
3.107486464507524592e-07
3.054594249669961178e-07
3.216570524457381544e-07
3.071817252847295817e-07
2.965053328640237470e-07
3.014689926393185601e-07
3.149668932302881674e-07
4.017859760248446446e-06
1.369708257559624958e-07
3.217995334700741521e-07
3.086799845227162378e-07
3.114314930595326978e-07
3.173936223181153151e-07
3.311347666084286415e-07
3.178054390122908024e-07
3.021247835986660995e-07
3.056500281789986913e-07
3.167150775675294145e-07
3.046003882506587997e-07
3.485309714277652835e-07
2.901218011503047540e-07
3.056384532807117768e-07
3.152614355003542695e-07
3.057574528824804039e-07
3.160302839582483459e-07
3.088200867854117002e-07
3.147764920951018918e-07
3.095580587874547378e-07
3.037708338722388781e-07
3.120619411540560262e-07
3.008345633625016827e-07
3.165593212784740944e-07
2.934967397253944140e-07
3.118374794911851737e-07
3.370206597937267200e-07
3.128165210213065818e-07
3.169475306546063078e-07
3.024429681704978526e-07
3.123878590395181328e-07
3.126916864937474735e-07
3.185299139206407816e-07
2.941223663168316639e-07
2.880961273998860264e-07
3.037497599391693029e-07
3.004103798075373624e-07
2.449345980848143224e-07
3.265956384038910168e-07
3.021647149295862087e-07
3.432493648655957559e-07
3.153764857313254047e-07
3.084504536928075057e-07
3.085619638775461762e-07
3.113013146898285459e-07
2.850979198026981313e-07
3.477272621319976688e-07
3.136550059056094612e-07
3.001877416590981486e-07
3.053481596406211394e-07
3.148219813315280558e-07
3.116968068334163362e-07
3.368258868181679021e-07
3.459734482979503319e-07
3.076252955430286815e-07
3.097045222159794447e-07
3.223883216153644742e-07
2.931603959395769244e-07
3.052517891252097220e-07
-1.108450939050526860e-06
3.138636344011488015e-07
3.186467871675925652e-07
3.090992016611132869e-07
3.205361181239127512e-07
3.098669969669386302e-07
3.085740836149958459e-07
3.042629227841816842e-07
3.455822350018220300e-07
3.247452491255086476e-07
3.102197429290365875e-07
2.994017677496818079e-07
3.101128323032709535e-07
3.056520141400201982e-07
2.874721021267987355e-07
3.233599913068239991e-07
3.850603740429575027e-07
3.081112217565066249e-07
3.136331427880280488e-07
3.048620686663165379e-07
3.035505117004135450e-07
3.181488836710254810e-07
3.639976946282400679e-06
3.011839839339024196e-07
3.153911995804567785e-07
3.109187678812862266e-07
3.078703794234742428e-07
3.100892447681696832e-07
3.184600090062984712e-07
2.938383060292013405e-07
3.184675725907557167e-07
3.132579498394135272e-07
3.224087858727509053e-07
3.650210576764187452e-07
3.061818142009964403e-07
2.997166760220239674e-07
3.307662264894112541e-07
3.264117582664204431e-07
3.117313445462095181e-07
2.943128938814586480e-07
3.140950571346617242e-07
3.188349926801001771e-07
2.905057808227588526e-07
2.945797821506335184e-07
3.154495316556234876e-07
5.065531578080897176e-07
2.904838954198665411e-07
3.094750600265436462e-07
2.969397167320613929e-07
2.971032991723945871e-07
3.071291428836373528e-07
3.411740232744983500e-07
3.046797796409311881e-07
3.125857684212177018e-07
3.051734977982646071e-07
2.999050609541098931e-07
3.098117176270641827e-07
3.574970484579628720e-07
2.905542280130787203e-07
3.073080793462376179e-07
3.133774949745208088e-07
2.986219247367607465e-07
3.009553553343889153e-07
3.089133022235751324e-07
3.089545978768644650e-07
3.214528184563033867e-07
3.156554081483909353e-07
3.050889575754930996e-07
3.100594144690658327e-07
3.030414980304613431e-07
3.075264894157904982e-07
3.008218299634210252e-07
3.153227501717315529e-07
3.245139758977099808e-07
3.029882634503151013e-07
3.033524409705063000e-07
3.198625812599861213e-07
2.921440275420140179e-07
3.055844138001170971e-07
3.209067626895421921e-07
3.109738932125591840e-07
3.119787069873280031e-07
3.247057783106013550e-07
2.942187092600478752e-07
3.086143513905389028e-07
3.059304331067775784e-07
1.751656788861696833e-06
2.961935367497134371e-07
3.214319128124054870e-07
3.214831203984990174e-07
3.447181007112410942e-07
3.061839495515411469e-07
3.189178695217414304e-07
3.025641662544125945e-07
3.112952992507981791e-07
2.929464613731395195e-07
2.938313860802863651e-07
3.045452940803812423e-07
2.951424702413028992e-07
3.117786907052226011e-07
3.082934510236297721e-07
3.098768964251145958e-07
3.108233041471864214e-07
3.132336743351180965e-07
3.158875106461242218e-07
3.226971238888566719e-07
3.131379502685824862e-07
3.019977985923141892e-07
3.131731236209937787e-07
3.330058409880244793e-07
3.008904865585250079e-07
3.094217165064293575e-07
3.253441963282259034e-07
3.131987267388373621e-07
3.145553782097462636e-07
3.121680432894156636e-07
3.093509233404308137e-07
3.203527240604676320e-07
2.925699093476181586e-07
2.974209649844121906e-07
3.136608957855242551e-07
3.143877966297022895e-07
3.289640183746271275e-07
2.990195110466285944e-07
3.175778055547289651e-07
3.116080603532936565e-07
2.992132909619581794e-07
3.103457968600702331e-07
3.045684937711727489e-07
2.919855990598126817e-07
3.189657370060647537e-07
3.129811848456965883e-07
3.198571847656336724e-07
3.110031252861316727e-07
3.096625019335598523e-07
3.188390246072209476e-07
3.075108159558259356e-07
3.226300089905802565e-07
3.114774138977034836e-07
3.007350362852188343e-07
3.228728501472607482e-07
3.106452074951027450e-07
3.156879425403288177e-07
3.085377129491471041e-07
2.999741452390469449e-07
3.043905550346303493e-07
3.147138667716402770e-07
3.084530710364924645e-07
3.044741984959186339e-07
3.302204258821418357e-07
1.384346767141478487e-07
3.328023694452196081e-07
3.141218132152802745e-07
3.188274225807066996e-07
3.166671581382719910e-07
2.924778547650904307e-07
5.408353706487122040e-06
3.010554287719008690e-07
3.119341928350920335e-07
3.246476583868065024e-07
3.199252755957622573e-07
3.345039061041799676e-06
3.106465465273247651e-07
3.022751628105083081e-07
3.111035212511843255e-07
3.141850751972974899e-07
3.001709431544039419e-07
3.040921006939803005e-07
3.131639641630209795e-07
3.186576524753602653e-07
2.910677283891836761e-07
3.476377276681708974e-07
3.133535420992869994e-07
3.013762578530450191e-07
3.052195194455557729e-07
2.958328034599627392e-07
3.038510915579318654e-07
3.156107028914337366e-07
3.130573008976358851e-07
3.116118482947448630e-07
2.953569830682464837e-07
2.965763533553782630e-07
2.998531399599945644e-07
2.938890006365704777e-07
3.076595511704249903e-07
3.096773292726859022e-07
3.087803716260864795e-07
3.133257587738851191e-07
3.272318236314630570e-07
3.077713686340040503e-07
3.584989334589610359e-06
3.058742682409819812e-07
3.069435828229202399e-07
3.386616498757031490e-07
2.817792510420803938e-07
3.132497759781480428e-07
3.035241224632203799e-07
2.894815922128308717e-07
3.236929144134700188e-07
3.053087352581110455e-07
3.091728592906259012e-07
-9.809866546450309256e-07
3.102332104487678924e-07
3.047470349688438157e-07
3.005340052678276634e-07
3.202012262557121750e-07
2.925019697963601021e-07
3.092269005590976507e-07
3.198141484056237647e-07
2.927194324972368158e-07
3.144228373320057870e-07
3.063655180429164103e-07
3.111406621752272259e-07
3.129113067539268080e-07
5.596140860401322594e-06
3.166830390880590938e-07
2.961022389463294317e-07
2.965651806531134362e-07
3.194961254807529725e-07
3.078827445731262910e-07
3.032338223463301101e-07
4.048541477725807152e-06
3.170713686597398863e-07
3.007828670234322613e-07
3.130579417879037155e-07
4.060367014119223384e-06
3.064029803278273214e-07
3.037121460267773190e-07
3.234277866582371854e-07
3.123064543878231636e-07
2.979860971029587210e-07
3.058666311239296354e-07
3.115462167265996773e-07
3.086175698473781556e-07
3.213132706138404491e-07
2.857223889508033511e-07
3.085494666066531647e-07
3.085187866424442646e-07
3.134213318282660530e-07
3.005454035108808034e-07
3.365210966243609064e-07
3.053810860167607911e-07
2.902037377002722548e-07
3.042477957436817291e-07
1.817234379812843763e-06
2.930276669011579038e-07
3.025876457264589111e-07
3.037307515109934358e-07
3.146247165988251378e-07
3.057818791929224104e-07
3.093932369384607097e-07
3.077913945229466070e-07
4.419248415731352490e-08
3.152018332157532632e-07
2.907375416964147084e-07
3.124092511318643545e-07
3.163860259261518295e-07
3.066751969164201206e-07
2.978674269849859606e-07
3.074704176000027930e-07
2.893684993032720051e-07
3.121831173482923357e-07
3.072358573311503330e-07
3.184204728463363488e-07
2.981291307379071027e-07
2.963327274408267033e-07
3.106076754569103076e-07
3.018394488032332087e-07
8.588138923724005055e-07
2.993944438281801177e-07
3.137121102864909469e-07
3.041142088961471529e-07
3.021024189134215055e-07
3.051165048359566076e-07
1.477461523374820459e-06
2.891372565133532173e-07
3.140737268554480831e-07
3.402479180959374505e-07
3.084586953666474507e-07
3.202041959228943222e-07
3.012456729086211870e-07
3.608963019950755504e-07
3.016017316220290011e-07
2.961599611257301731e-07
3.065023819344360598e-07
2.937260773026590935e-07
3.004721359016342318e-07
3.257045459007621871e-07
3.234586689642586525e-07
3.025707743681335858e-07
3.018440623251057235e-07
3.133489828547525374e-07
3.065072990586160620e-07
3.137027264013163740e-07
2.938182285071919973e-07
3.213626575605628744e-07
3.220383903343967757e-07
2.901022377062518350e-07
3.148481992356975272e-07
3.169039630300205035e-07
3.200286458998593705e-07
3.004597774558302150e-07
2.969789415654945742e-07
3.080282120681583708e-07
2.987441848289185891e-07
3.122787967093182157e-07
3.009161291372734524e-07
3.139115420805143644e-07
3.102496024629956744e-07
3.091047866502165623e-07
3.224887855200428240e-07
3.245269012397447775e-07
3.077042209215103219e-07
3.046556979877010169e-07
3.090185389221475519e-07
3.169098251550082973e-07
3.091938536954022229e-07
2.987522967022859377e-07
3.091581728499638764e-07
3.241524208778024163e-07
3.018807518928494078e-07
2.934713358612238912e-07
3.071040846910576354e-07
3.147150268684326633e-07
3.169113437221875947e-07
3.148109031934105416e-07
3.248880254586552933e-07
3.096841999654917121e-07
3.067998591308015664e-07
3.041637567121961660e-07
3.016896481081314755e-07
3.274623075042671416e-07
2.954154718012338922e-07
3.237651486043072076e-07
3.059969842103022188e-07
3.058697432013429007e-07
3.056559945930999595e-07
3.134735961882323553e-07
3.212366057580179931e-07
3.269324201735358953e-07
3.005303787843138631e-07
3.109907580380189192e-07
3.096365997106550408e-07
3.047444192178330018e-07
3.235070176574859212e-07
3.223351439216367208e-07
3.258531607030274971e-07
3.218315299266610372e-07
3.040111489855195147e-07
3.281909780037856318e-07
2.924769516964675337e-07
3.156030667868310847e-07
3.105633838515197198e-07
3.285986312471983878e-07
3.165168899368094091e-07
3.110612328480374255e-07
6.241523632512084403e-06
3.078961310233736013e-07
3.004418815222472193e-07
3.244184900981666363e-07
3.191958142894486896e-07
3.093444084633163729e-07
3.127865671240100948e-07
3.150497852022376061e-07
2.999363470971537870e-07
3.227500648599410102e-07
3.030629442811375945e-07
3.070875740081448238e-07
3.307425393060754161e-07
3.163589627912311597e-07
3.131575312926194134e-07
3.148695568145431363e-07
3.003585950862312989e-07
3.091311401654026867e-07
3.114256495866908820e-07
3.122350993991235177e-07
2.993949378659108747e-07
3.179786798013634371e-07
3.034479256202609698e-07
2.955355892436812127e-07
3.153140250489881754e-07
3.216133029946352076e-07
2.958954433475242072e-07
3.164601963375018519e-07
3.320055598674834496e-07
3.010229706311282777e-07
2.864627261155676145e-07
3.015470290028708787e-07
3.040250240130751765e-07
3.194487043665334196e-07
3.091951053480950923e-07
3.425695388791704308e-07
2.969071382561002237e-07
3.028757215782434118e-07
2.942620199660379604e-07
3.134039327125565241e-07
3.091452687056334750e-07
2.840949008821679120e-07
3.032384520821655877e-07
2.990301235882064869e-07
3.134159745283121480e-07
3.191816145990117030e-07
2.951965064148248313e-07
3.061727844184500870e-07
3.050442797873775761e-07
3.133339937482413170e-07
3.011409975842921402e-07
3.048307751237697408e-07
3.039497910140398373e-07
3.376980148638694297e-07
6.477549051401989531e-06
3.063741683318172045e-07
3.093805780906540855e-07
3.123559337993128478e-07
3.106014687563272264e-07
3.309641823205947939e-07
2.927520632980116979e-07
3.375016049453805594e-07
3.088444122824218760e-07
3.075067055173792027e-07
3.075412781520476982e-07
3.060297005493008845e-07
2.976081723065819497e-07
3.002901169596909711e-07
2.982024204781865217e-07
2.874558354495818879e-07
3.147582605676684403e-07
3.108731014857670983e-07
3.055975121883064996e-07
-1.544205472113833943e-06
3.195922222618479854e-07
3.286405651687886208e-07
3.052805654553673768e-07
2.797773325075920022e-07
3.105463873263014513e-07
3.142050855180710435e-07
3.297199276024210192e-07
3.120438345843245850e-07
3.211685068533065929e-07
2.997150628954983401e-07
3.150180747387664393e-07
3.185854235585911397e-07
3.104654181622952204e-07
3.675232623696069284e-07
3.157900610705659512e-07
3.225028043174263280e-07
3.275840394911995540e-07
3.272314220951268517e-07
3.184921901781307559e-07
2.937262055014249445e-07
3.165343703386865602e-07
3.051633626775866338e-07
3.169952038880052635e-07
3.030665490964746192e-07
3.378300449085704226e-07
3.029384844238020739e-07
3.270920047984131134e-07
3.126920467622280481e-07
3.170940924910073276e-07
3.036202128467187937e-07
3.075098423052718799e-07
2.940600859325009718e-07
3.014367600765753030e-07
3.143546068893626627e-07
3.018503417448184499e-07
3.184439335170387158e-07
3.085870007724407997e-07
3.392070336505609174e-07
3.187075396858871453e-07
3.079563829662219883e-07
3.062023672478464849e-07
3.093177206779494025e-07
3.161399609973485103e-07
2.949060616697268128e-07
3.096165385364175256e-07
3.057975517175696346e-07
3.119371538030454362e-07
3.048946455452540481e-07
3.292357419937337707e-07
3.139151470739085673e-07
3.012679785550117422e-07
3.037071006974666486e-07
3.018421544713197177e-07
3.169038218816903881e-07
3.069752131551091094e-07
2.876095718491547841e-06
3.328215213770000680e-07
3.072286679630088712e-07
3.068402109389480203e-07
3.178364188659959724e-07
2.885737286809139770e-07
3.191155192426071362e-07
3.125530742873783837e-07
3.133361080265253021e-07
3.186919769590217390e-07
3.163864250885575508e-07
3.102713830762700485e-07
3.100838574286646306e-07
3.143905309131564833e-07
3.067148029753018732e-07
3.009700069155101046e-07
3.213034931655561533e-07
3.116555082532643173e-07
3.561288367345601242e-06
2.818898737830576997e-06
2.968924467918520189e-07
3.091333766773662990e-07
4.497927230675658330e-06
3.107129402166217198e-07
3.285715457679906148e-07
3.015394868913563025e-07
3.106672084794060355e-07
3.128189613187272295e-07
3.061350364678754894e-07
3.194200541899505479e-07
3.077837971656181584e-07
3.101997725142861440e-07
3.008805567223264935e-07
3.095974835804886141e-07
3.201873593520829152e-07
3.022809586620126407e-07
3.131679388002006302e-07
3.132754088799756753e-07
3.128671918475174465e-07
3.170533017061298174e-07
3.285416201502899585e-07
2.924181722686085540e-07
3.045446157469936029e-07
1.460004052271076251e-06
3.006858392019780453e-07
3.300414541487156818e-07
3.004212169853676186e-07
3.176472670876531146e-07
2.927098494558389466e-07
3.067289636093471292e-07
3.003189969893956701e-07
3.205287886785697106e-07
2.952219015364520975e-07
2.863006994370661525e-07
3.186743580189979037e-07
3.098611850811340638e-07
3.079004205672126344e-07
3.030711360971532148e-07
2.954588191660410934e-07
3.107400978373884942e-07
3.122457062875573040e-07
3.148087045865004441e-07
3.233599317136577824e-07
3.058243677221009152e-07
3.241282073138782086e-07
3.139592276041084925e-07
3.041954607931477084e-07
2.923985062864491567e-07
3.031705507818485913e-07
2.965647287911079162e-07
3.107056006774713322e-07
3.079958666091253649e-07
2.028728664207132543e-06
2.902425417589327754e-07
3.186834160421583609e-07
3.090129098868540339e-07
3.123101932386874067e-07
3.093238941110415297e-07
3.017899944873230247e-07
3.255911645615108260e-07
3.042249612235803322e-07
3.045447327768780379e-07
2.942919788196558353e-07
3.185161919060493023e-07
3.060091324583217984e-07
3.083925537419048498e-07
2.995656408728786107e-07
3.001455461678157960e-07
3.342160243007014220e-07
3.152419111871169428e-07
3.128926241640110233e-07
3.309217432570406953e-07
3.120001497802691742e-07
3.025460018771574276e-07
3.071830920575832798e-07
3.129330849234563368e-07
3.179851108858468029e-07
3.378510786954245489e-07
3.167644058693507072e-07
3.288624137477161765e-07
3.178315183524560031e-07
3.145661653101361395e-07
3.105185467546200880e-07
2.943309786029671433e-07
3.306042894596021449e-07
3.135903002216033741e-07
3.068211062859649726e-07
3.138195462407009104e-07
3.012276492206334478e-07
2.980869737432353286e-07
3.201449845132778593e-07
3.155857385222199858e-07
3.014830764870300859e-07
3.037719987462913695e-07
3.095041665905008498e-07
3.069574255460116456e-07
3.120082401240227965e-07
3.038437616485933349e-07
3.139508373087143339e-07
2.995206212108882818e-07
3.035899911560450164e-07
3.247735724872068955e-07
3.231785703892650687e-07
3.231789768037435324e-07
3.033310345195265952e-07
3.141096238539076326e-07
3.095525561155342054e-07
3.094369879089942271e-07
3.101563307715409182e-07
3.158320731943347613e-07
3.117201399624027681e-07
3.070922385015030595e-07
3.024406261477841095e-07
3.029415271860880747e-07
2.986152563465754481e-07
3.067092484710997108e-07
3.047092863814731835e-07
3.125053182070916083e-07
3.078160915232859641e-07
3.179678909226585933e-07
3.024815852696803334e-07
3.199910646110569172e-07
2.951200205519961034e-07
2.961449939093742118e-07
3.034386415113900700e-07
3.093696455875284752e-07
3.121433659920929694e-07
3.083324038235212620e-07
3.029804428464160881e-07
3.021582535449376568e-07
3.003195848723573844e-07
3.137869554162673786e-07
3.146837323897198007e-07
3.093429565630169951e-07
3.017252580933350300e-07
3.166317590903150189e-07
3.053719563981687370e-07
3.179883270053091198e-07
2.834811265227861439e-07
3.026425012014041411e-07
3.030954492056707858e-07
3.157245859594619927e-07
3.166661282927817814e-07
3.112491227151549227e-07
2.923743439945281128e-07
3.230574782845367295e-07
3.768389928849653337e-06
3.174474919798828434e-07
3.241571272840372188e-07
3.212206985858621480e-07
3.203971773240008627e-07
2.967496408059622500e-07
3.035531468739940245e-07
3.038552703666492923e-07
2.965873715793658011e-07
3.120166466928036731e-07
2.946946089339126272e-07
3.096195469948154572e-07
2.978838823443650212e-07
3.039410818412609051e-07
3.107521559917121919e-07
3.116603198443667707e-07
6.830304058964493296e-06
2.980088581033955579e-07
3.077752016781573178e-07
3.173329131513744513e-07
3.106901625374907820e-07
2.983495047655575053e-07
3.583785849606505146e-07
3.039481925150983886e-07
2.984591287630973824e-07
3.213376228973924909e-07
2.980474398158090096e-07
3.045752953217309305e-07
3.661153151529108322e-07
3.260398348112114011e-07
3.063249683281447739e-07
3.015863409346319306e-07
3.296865489054660520e-07
3.107489684837335433e-07
3.216102096507051061e-07
3.500892007825529777e-07
3.069547497098641149e-07
3.158532856616001413e-07
2.842174782697487032e-07
3.154748725231299800e-07
3.316737221443919132e-07
3.173936120144022982e-07
-6.458511147657557360e-07
3.048241466612659733e-07
3.228125300355036863e-07
3.106520225997066010e-07
3.197770300114124405e-07
3.072617205035104295e-07
3.252622768548530596e-07
3.088611354757358584e-07
3.039579663255584469e-07
3.140941214435746858e-07
3.519568720435315826e-07
3.176470741037293646e-07
3.225971067974658770e-07
3.103241869966608208e-07
3.203825017366856050e-07
3.065413978948355983e-07
3.230482137751527259e-07
3.096337182934820282e-07
3.016246514032343828e-07
3.176131695380091801e-07
3.095460913743550226e-07
2.992971568735642890e-07
3.121825929481353947e-07
2.933869914680823700e-07
3.349716823038553893e-07
3.360033809008384619e-07
3.198249243889920285e-07
3.065507540159557557e-07
3.163377055050020742e-07
3.002616039819285108e-07
3.092894211886025294e-07
3.282211023802043281e-07
3.159162853104176794e-07
3.228269233096613702e-07
3.108395654062957708e-07
3.013418781657569430e-07
3.081618430476627985e-07
3.040889987109306710e-07
3.107081311713723981e-07
3.161364869369117014e-07
2.949669183170155177e-07
5.416356292890961544e-06
3.084099700722428484e-07
3.064986071026741320e-07
2.966168549548417009e-07
2.966315999797794281e-07
2.937592026569950391e-07
3.057098534932609534e-07
2.999974875899634532e-07
3.169545491002074653e-07
3.152864755710347102e-07
2.987088051559447070e-07
3.333408812036516140e-07
3.038760999685409113e-07
3.081719391849243178e-07
3.297032577176995430e-07
3.321310560109459579e-07
3.109428456470347577e-07
3.490914664635858257e-07
3.083262296848440193e-07
3.188158640342425482e-07
3.084401797977786583e-07
3.130204006223919232e-07
2.940573103029728427e-07
3.100694787702102706e-07
3.053748906473108810e-07
3.165441909931126793e-07
3.121432487054235614e-07
3.133838673556837090e-07
2.993295026117104269e-07
3.229163371103636113e-07
3.113197307344741115e-07
3.004305141220950440e-07
3.174041944221380236e-07
3.145844255109558035e-07
2.973631325339528308e-07
2.960049523814964071e-07
1.114016377821288498e-06
3.159321620493310979e-07
2.987561067888455616e-07
3.035055499322510229e-07
3.177580753934135179e-07
3.058052802680525106e-07
3.024613143665780969e-07
3.133504117178122399e-07
3.065873566966206336e-07
3.348859709319531309e-07
3.060628499377739861e-07
2.936659415354831136e-07
3.014886880845344047e-07
2.977909608040232182e-07
3.139351945777454509e-07
3.299161103963451949e-07
3.264525064440641692e-07
2.964164056245418887e-07
3.306311203960511421e-07
3.305353413515371301e-07
3.212677057658653836e-07
3.138408220601882824e-07
3.214981987555210842e-07
3.200829888609067425e-07
3.135091993916085959e-07
3.739196830924561516e-07
3.031733890837869036e-07
3.286624426799292257e-07
3.116642741385666149e-07
3.376210463474238091e-07
3.045391950691063385e-07
3.215711592848376016e-07
2.937291838668853594e-07
3.481160815059424090e-06
2.988046102493973594e-07
2.949719676254998860e-07
3.010403134929232251e-07
3.002491865852640494e-07
3.223320289539140524e-07
3.106808765207614953e-07
3.053910111132030136e-07
1.433626756273657491e-07
3.073031444177344433e-07
3.066539902798770278e-07
3.203824419107398583e-07
3.099326505056973581e-07
2.988158138136108573e-07
3.105062170181588322e-07
3.046124633206840932e-07
3.113441963185355359e-07
3.173704089275202282e-07
3.036484034556898287e-07
3.160161137378648812e-07
3.178091178326484598e-07
3.121420440596929968e-07
2.937453649678232976e-07
2.961258351931920401e-07
-5.144457209914852477e-07
3.158425428548419136e-07
2.873233937541084377e-07
3.176276733480654740e-07
3.274338300184919843e-07
3.350195910317014160e-07
2.999994170085339520e-07
3.024102730668526085e-07
2.982624312996968295e-07
2.950463593081076116e-07
3.103286058925918540e-07
3.145901668032019899e-07
6.119187547123207334e-06
3.085134540230035987e-07
2.985853519638565777e-07
3.064204891611826281e-07
3.044361593185267744e-07
3.303829516531596875e-07
3.077084731249764954e-07
2.915050348403182851e-07
3.056571303994657841e-07
3.005501585420927403e-07
3.178422772489063958e-07
3.095812867221543006e-07
3.147248229636846012e-07
3.071873731035860277e-07
4.684542480168760027e-06
2.989317237294658270e-07
3.236168183876063863e-07
6.593164464973307440e-06
2.420693737452552349e-06
3.079369272753207668e-07
3.200746241110235978e-07
2.973560494118551841e-07
3.205128783881067512e-07
3.179305649020591951e-07
3.142608681095011720e-07
3.173223218209158913e-07
3.151316320124164253e-07
3.041450003177709231e-07
3.156466349398121882e-07
3.036189141785231980e-07
3.168516549297898127e-07
3.031929720063098510e-07
3.107973953874111422e-07
3.131031224169446234e-07
2.955264911312988185e-07
2.958194539261104466e-07
3.022079606957193678e-07
3.074804731310223052e-07
3.031611617442871086e-07
3.163440260403067298e-07
2.963883688073976072e-07
3.052747631888129078e-07
3.053694837883879509e-07
3.105668916032427890e-07
3.241856961365576965e-07
3.008239397002284904e-07
3.065823978643156978e-07
3.152939212141635412e-07
3.020038583568564597e-07
3.204941379178603121e-07
3.184373961700232444e-07
3.189310201176467407e-07
-4.670170501597226752e-08
3.056893794310530057e-07
3.256818556481646934e-07
3.209675169601861568e-07
6.603758697121119550e-06
3.132421843780728905e-07
2.998046440588034451e-07
3.186846939318978360e-07
3.174431270885233371e-07
3.141342241431780465e-07
3.147015893035507995e-07
2.935705179671939646e-07
3.052096818805217966e-07
2.995994136886031083e-07
3.094282566375504881e-07
3.082451949457468095e-07
3.259021562512548131e-07
3.085277796555191824e-07
3.253625869571538547e-07
3.192712039138417139e-07
3.059967085213735911e-07
3.122865486556525470e-07
3.008150786397481585e-07
3.044624701982851995e-07
2.980752080923105645e-07
3.170027011794960725e-07
3.312513990850635460e-07
3.071857984629296483e-07
3.172965637660313340e-07
3.059828462469356656e-07
3.114699740455717299e-07
3.108641101407433640e-07
3.061631888958833560e-07
3.168928543755180320e-07
3.038949979292790770e-07
3.106389643816457639e-07
3.051544609353581367e-07
3.070020502967923057e-07
2.986369154510157278e-07
3.077978668762748851e-07
3.052493781326117204e-07
5.454485692650923873e-06
3.066832494815773237e-07
3.124487675379006459e-07
3.213613963254868578e-07
2.903864913709983379e-07
3.227631686017269816e-07
3.163033114103567977e-07
3.064202506299510758e-07
3.202062199383973909e-07
3.090107707577635886e-07
3.140401566064073066e-07
3.058925228829274355e-07
3.186372028170557246e-07
3.005442904156111293e-07
3.110550193195567496e-07
3.179999178773069425e-07
3.240214328771975563e-07
2.963501889422114691e-07
3.156762191271887477e-07
2.945112984227135972e-07
3.025616123611790327e-07
3.102795691703353293e-07
3.135601787004031470e-07
3.083299482263896511e-07
3.384873185652165832e-07
3.154939383807136416e-07
2.913738955898188878e-07
3.101553826487938820e-07
6.140302013496350185e-06
2.894995124380650800e-07
3.119188016587099364e-07
2.945922021867476700e-07
3.355653671230050215e-07
1.842851426150340248e-06
3.108711675649660278e-07
3.143407723343012352e-07
3.018325863729944596e-07
3.123966931935113335e-07
3.002941516276522285e-07
3.074691237191269304e-07
2.947516123263856041e-07
3.134874257831621232e-07
3.139444690381731041e-07
3.056263883421777967e-07
3.081068116080521270e-07
3.134781301601831597e-07
2.992141742483657213e-07
3.038005294147443031e-07
3.032343561820777474e-07
3.089616986907301168e-07
3.130636143180102146e-07
3.091140998732156219e-07
6.516086328316396159e-06
3.263850273182825422e-06
3.069352051905042655e-07
3.092745263402688276e-07
3.202556922178571655e-07
3.119328860654175206e-07
3.192907299791290520e-07
2.982329414217884392e-07
3.163416890057217851e-07
3.048570081613772902e-07
3.231592445636933859e-07
2.961514304157292373e-07
3.067456281609120532e-07
3.008089193297763973e-07
3.010989926800626488e-07
2.897933046173390233e-07
3.022852668700375899e-07
2.982862928304893900e-07
4.131066965333857667e-06
3.115020042554859094e-07
3.115247582422622500e-07
2.102861422942467562e-06
3.083292256420073021e-07
3.089165296843523269e-07
3.097615340130384791e-07
3.016086973281085854e-07
3.136662901792420887e-07
4.228334517948356284e-06
2.835137662342074471e-07
3.084999297982114474e-07
3.188000937791852797e-07
3.125407710646197820e-07
3.269306983911491948e-07
3.127706142899849238e-07
3.243611835827019469e-07
3.173144957047272570e-07
2.991922835725321652e-07
3.082652233189805670e-07
3.175913998954035773e-07
3.149146635362972492e-07
3.102016749980251423e-07
3.263255060965423682e-07
3.060903435799171204e-07
3.064213279840947462e-07
3.043847433604925402e-07
2.982107896888405164e-07
2.955864041304279799e-07
2.909567616708044695e-07
3.083009943751285324e-07
3.219247650832145155e-07
2.995124188627071296e-07
3.130179353072449028e-07
3.264021742048395221e-07
3.155666593964178414e-07
3.106865596181788291e-07
2.990491908699713350e-07
2.939038583321858577e-07
3.132185432409752126e-07
3.219757399249429619e-07
3.439406371784847471e-07
3.077993842863939946e-07
3.146937683444900244e-07
3.077479532389416670e-07
3.112847782300889164e-07
3.137506399813107003e-07
3.139932612904427719e-07
3.133878785653444720e-07
2.967525446317432951e-07
3.089335839519953393e-07
2.979680803036976123e-07
3.039636122146928387e-07
3.130700637151037016e-07
3.218860811590713091e-07
2.978794179952274170e-07
3.259671189817700292e-07
3.058134285896372148e-07
3.120623442513993085e-07
3.060977833720734887e-07
3.217909434902997319e-07
2.979766180595905009e-07
3.011365192232808833e-07
3.086384295498085121e-07
3.031638189835127213e-07
3.219830879211057171e-07
3.056423372105217107e-07
3.142483091158567481e-07
3.159164082264391499e-07
3.120658925581303794e-07
3.279363643824594129e-07
3.123259326364973017e-07
3.086942849993222408e-07
3.127883212306238124e-07
3.547848132199759852e-07
2.992767827440427311e-07
3.201743887936281255e-07
3.210356276352865561e-07
3.131252985125686361e-07
3.030016468036472732e-07
3.240084051624073299e-07
3.132252089529719808e-07
3.137003513918994991e-07
3.764325703478830970e-06
4.304370023235074116e-07
3.341144300073420234e-07
3.007266743195928090e-07
2.976467404445217805e-07
3.062301931438447979e-07
3.168709646342389024e-07
3.032194911627324905e-07
3.080979829976636201e-07
3.293911528739494409e-07
3.085383195188850502e-07
3.155067970497796753e-07
3.204456199805528457e-07
3.216778983044150692e-06
3.275744449598496244e-07
3.065179668626603358e-07
3.122832708353892001e-07
3.019789615229752919e-07
3.053871517804700265e-07
3.046623304267811616e-07
3.054823994299078403e-07
3.159109535375417103e-07
3.022489306999206154e-07
3.036334118374183939e-07
2.885772412841683352e-07
3.142638959001148118e-07
1.898921895855050807e-06
3.141501631858991147e-07
3.082942331690861124e-07
3.224805891795516410e-07
3.061516568731336822e-07
2.997362265049363814e-07
3.182338683666451069e-07
2.971567336218604113e-07
3.101195610649038162e-07
3.106619153301987633e-07
3.477619371653754245e-07
3.053181665597708831e-07
3.228607473845200599e-07
3.092093142090072331e-07
3.134285660906200392e-07
2.934231913278035747e-07
3.232567106230618462e-07
3.103741983253542231e-07
3.148407695918560820e-07
3.054605744267000482e-07
3.335175214993305731e-07
2.990549247986890074e-07
3.062557142840171429e-07
3.005720775901518503e-07
-2.580923560874108410e-06
3.365750132279090661e-07
3.295334588156395344e-07
3.279991311344143844e-07
2.988228185630415704e-07
3.316410803006998964e-07
3.252413602013127087e-07
3.054703761251217837e-07
2.943633040153852595e-07
5.348523017081679888e-06
3.229448929677583989e-07
3.011544078835291802e-07
3.068490210163771905e-07
3.108241968194713430e-07
2.983549578022708063e-07
3.022690058197545787e-07
2.930882224008521434e-07
3.013329231564966701e-07
3.099840500006940915e-07
3.126110484418673180e-07
3.116269213258916315e-07
3.014495539926108150e-07
3.087806229774425328e-07
3.048552047943735025e-07
2.925323959187469309e-07
3.006303035015358843e-07
5.949512617546754566e-06
3.062640557673553469e-07
3.178207836819075845e-07
2.968177855932793916e-07
3.130820455632374717e-07
3.997927908396059683e-07
3.114795538494745730e-07
2.910927474418341502e-07
2.980632581119834431e-07
3.254187827545529244e-07
2.999029523414077931e-07
3.214377018238805425e-07
3.103579629390488891e-07
3.187904163058142425e-07
3.144074031645034568e-07
3.098190268337850523e-07
3.098425466100444557e-07
3.033156947851925965e-07
2.946751526153504627e-07
3.081119998193894673e-07
2.961801239563912721e-07
3.118829093405152139e-07
3.098037613859877980e-07
3.008103386706648721e-07
3.069972999088934893e-07
3.055629188031115244e-07
3.081369107625324833e-07
3.069576688485575551e-07
3.100923297671634816e-07
2.960821672870446039e-07
3.175093732258433269e-07
3.261461211173667942e-07
3.052143521990806705e-07
3.055540580715830021e-07
3.221598174206832994e-07
3.080788185540799754e-07
3.203447262408490138e-07
3.148764350250385682e-07
3.056546899294350683e-07
3.079191059810129690e-07
3.181643802195240381e-07
3.081475028584694349e-07
3.147155915735891614e-07
3.053194458232153159e-07
3.310029058934867642e-07
3.068353594566006934e-07
3.064152805543548384e-07
3.090541343894890878e-07
-7.797712758880127386e-07
3.150788421674291591e-07
2.978522883763733975e-07
3.132871499648759851e-07
2.987994109808655618e-07
3.139720264781372764e-07
3.246523119315121530e-07
3.069052667806445891e-07
3.014376582289198713e-07
2.973876207203246936e-07
3.007899723747852783e-07
3.078361403632348422e-07
-9.323225127957125775e-07
2.971722167795613187e-07
3.165204485465909583e-07
2.557025182680587069e-06
3.347709123838024328e-07
3.062410132822325856e-07
3.092314559194386016e-07
3.015318770858198498e-07
2.996641022384345091e-07
3.282417501514931414e-07
3.129124176581547052e-07
3.121942497621596631e-07
3.197062195898806179e-07
3.128342936502677608e-07
2.971443002125885476e-07
3.078551445764327799e-07
3.146182579446284783e-07
3.179801337294156978e-07
3.108441967224312478e-07
3.119502816943798202e-07
3.268736367288892375e-07
3.020033705524440202e-07
3.209241058406335134e-07
3.043246580349300213e-07
3.080209871052034591e-07
3.025445097370662126e-07
3.113082401874925109e-07
3.192960448314677672e-07
3.127075515142970271e-07
3.044019044925559297e-07
2.914400683897820659e-07
3.115528711690155704e-07
2.980309637643118967e-07
3.056813896731548487e-07
3.024149798813650207e-07
3.091745518771279219e-07
3.385069008133534974e-07
3.173920440316848175e-07
3.098828776393059256e-07
-9.230431915198282162e-07
3.150275057801427402e-07
2.982290369440223372e-07
3.020438050177352374e-07
3.319561728403407517e-07
3.080953775054569832e-07
3.043963085277987765e-07
2.915078957376488943e-07
3.113846583243380034e-07
2.940042166436463137e-07
3.198800527025347973e-07
3.051782244802179709e-07
3.175543173068848255e-07
2.954400385704840844e-07
3.212587960248905722e-07
2.991111366129352499e-07
2.356777812293141601e-06
3.086296079535782392e-07
3.128019654797325973e-07
3.155954996599987799e-07
3.490162720210011900e-07
3.034795670876330553e-07
3.274832486003666245e-07
3.099998945831914842e-07
2.977453190453947086e-07
3.007368650957713567e-07
3.203901784996072261e-07
3.018388522885473053e-07
3.098962072424799043e-07
3.078371053706836035e-07
3.185722262814883197e-07
2.972794244105674582e-07
3.039748529264330875e-07
3.062384257563814419e-07
2.914540416406187210e-07
3.024646799888752871e-07
2.910662867745352375e-07
3.164305102464044046e-07
3.939202477019387633e-06
3.045593057701719490e-07
3.379867902953017583e-07
3.107721703282633899e-07
3.111936117746444451e-07
3.132291480077055508e-07
2.996775322939805603e-07
2.961069455835630361e-07
2.961938296004102787e-07
2.982922745159072242e-07
3.067439414941229776e-07
3.091905749211804071e-07
3.119497182082410055e-07
2.996542571867229574e-07
3.086501449295365973e-07
3.258041081768492479e-07
3.735948576679293863e-06
3.040484375909940722e-07
3.033709867896972070e-07
3.053787328894504034e-07
3.286300029413278901e-07
3.026138217777804053e-07
3.139033449387061905e-07
3.115574954167984808e-07
5.344748425018272674e-06
3.039872968353006369e-07
3.230497372953994281e-07
3.140462749087459346e-07
3.062455886294563510e-07
2.952460751406309244e-07
3.001839981481844726e-07
3.133117306878127958e-07
3.203573561246298162e-07
3.032438649086703653e-07
3.125989753464673069e-07
3.116826057018959385e-07
3.220477677834542322e-07
3.077706622031507161e-07
3.069328792244386086e-07
3.072978323192550054e-07
3.096905640015150212e-07
3.008557532176016605e-07
3.072523502592776352e-07
3.230177725364855832e-07
3.121725062316932170e-07
2.969933996252632668e-07
3.245334038609393930e-07
3.203437607205704544e-07
3.003760210538309151e-07
3.024269444939327255e-07
3.167228983219694230e-07
3.110930153807939250e-07
3.035535659128752037e-07
3.048261902600350984e-07
3.043964124720921791e-07
2.860619548781573344e-07
3.027916330589482732e-07
3.036892560078515084e-07
3.235608296605015318e-07
2.941251838294854393e-07
1.234832941176493583e-07
3.098679299146058605e-07
2.981442405380178281e-07
3.066666423707667300e-07
3.119786303051379796e-07
2.996228369962259917e-07
3.262024850252700739e-07
2.985181886765459611e-07
-1.391244690544969380e-06
3.150210622222509225e-07
3.188308747313935716e-07
3.089418588540850018e-07
3.161421420198327058e-07
3.130501809664906178e-07
3.112794749385896019e-07
3.044251353956837796e-07
3.097548042366055119e-07
3.118015889074751697e-07
3.012387296988943605e-07
3.194804991847555242e-07
3.052833767689455180e-07
3.054080305686237860e-07
3.077279562290389930e-07
2.994101219306393024e-07
3.402304118180054775e-07
3.016055449627283780e-07
3.010620820448447358e-07
3.171072320282336494e-07
2.921312521474464643e-07
2.851103142837675426e-07
2.952450158538156389e-07
3.180350701632764180e-07
2.878011609363896777e-07
2.954828427731878032e-07
3.103615793672692953e-07
3.207956898895764405e-07
3.115360245786472481e-07
3.143666413453900389e-07
5.221827961942861830e-07
3.120818980038930979e-07
3.037622470469317794e-07
2.954743564434578100e-07
3.039405493127885550e-07
3.051519944112468141e-07
3.153237180704611582e-07
3.029179776245577144e-07
3.272641324566661541e-07
2.989520638749216454e-07
3.339063198860411883e-07
3.150029415441924398e-07
3.311181099347484888e-07
3.217885480844226607e-07
3.005866544153060302e-07
3.005741108428165006e-07
2.949762109428366365e-07
3.144682829936661008e-07
3.076559022771273170e-07
3.058446166540170151e-07
2.996430288471235541e-07
3.117927184963349705e-07
3.201802557882295619e-07
3.133806350073476319e-07
3.057719725144363791e-07
3.104659626216471315e-07
3.157024123965347843e-07
3.198920629280513872e-07
3.361802901540341357e-07
2.945454661956240238e-07
2.999680266990918583e-07
3.071538968888296213e-07
3.079432218773007971e-07
3.050787750538327880e-07
3.176605125552791236e-07
3.173741642791757658e-07
3.193140679007936003e-07
3.000026592895948441e-07
3.116809385016293857e-07
2.956880176970609226e-07
4.775017346912761909e-06
2.928499927465143324e-07
3.197475966946311819e-07
3.009856620162102890e-07
3.215737492812099432e-07
3.084152597143495894e-07
3.056524238938433119e-07
3.063613356828621038e-07
2.955441847706093418e-07
3.154596636780712508e-07
3.214254611267514786e-07
3.124114491892061351e-07
3.534508177957770555e-07
3.101223521797830431e-07
-5.397666091816789351e-07
3.173202008428636090e-07
3.264233614303332856e-07
3.291775412306417384e-07
3.056838655522326188e-07
3.286133280781776250e-07
3.154168091348545472e-07
3.029646691199960909e-07
2.952142081192560707e-07
3.034142569126182536e-07
3.106519874960483289e-07
3.101892441559768399e-07
3.134774053947343290e-07
2.895835789277501433e-07
2.927255036627437711e-07
3.064814383790600062e-07
3.057864200164611564e-07
3.006624989604620434e-07
3.128463120203886269e-07
3.014416524027203211e-07
3.011760322456458611e-07
3.220049978676715597e-07
3.054652945486069051e-07
3.177048145465889699e-07
3.122078508918143589e-07
3.230091726268250201e-07
3.086422655704810843e-07
3.173789169367790384e-07
2.805697569330386531e-07
3.031975663665181180e-07
3.089474504718337590e-07
3.014478844580664610e-07
3.033575395154011297e-07
3.145061979934054788e-07
2.941847270267224064e-07
3.099304840944633695e-07
3.143464176449815808e-07
3.098235093935171883e-07
3.225392176775400070e-07
3.258374200769126260e-07
3.171580034772219337e-07
3.043942814872218276e-07
3.087474642157197247e-07
3.071444941923629088e-07
3.135596629701486582e-07
3.096622544943315567e-07
3.049280987074141779e-07
3.063140961646530174e-07
3.185604222812607417e-07
3.022354916101233778e-07
3.138473858223355955e-07
2.987544375723537149e-07
3.422401647133503814e-07
3.287828149250299119e-07
3.076495577673427241e-07
3.048191411698282596e-07
3.158689834522213603e-07
2.894087198099318527e-07
3.044020072356268582e-07
3.075366367653308881e-07
3.073535671240856993e-07
3.056643246852493506e-07
-2.371571074284291129e-06
3.002921613804524202e-07
3.236809158551348516e-07
3.239028643043742966e-07
3.076474103481993167e-07
3.161811729315339394e-07
3.097203683604089273e-07
3.280827477471625970e-07
3.652097027939897889e-07
3.137338592460645669e-07
3.274105233128864363e-07
3.187828071690143250e-07
3.094210532213668020e-07
2.958767110075132950e-07
3.217011982605821491e-07
2.934129874141668850e-07
3.000268689189541854e-07
2.958936323544989893e-07
3.188643741342392861e-07
2.950099563756889619e-07
3.063127692317370777e-07
3.141677381437555338e-07
-9.037102066035140354e-07
3.407531154973442368e-07
3.142660327869750027e-07
3.073184082459799267e-07
3.055881397806309089e-07
3.173408046629400370e-07
3.098285550501201190e-07
3.017923909133137968e-07
3.103904853784874886e-07
3.152982435863028158e-07
3.068885152414468775e-07
3.061178614992460505e-07
2.987267352616600086e-07
3.255627950930214618e-07
3.093390294939374834e-07
3.113858570007958840e-07
3.133050212672030899e-07
3.105334361459436565e-07
3.164105332300663115e-07
3.121232204331065268e-07
2.962474755171808160e-07
3.049550993192399500e-07
3.105161541181095616e-07
3.004370457293433143e-07
3.041764830602107169e-07
3.034905566064704336e-07
3.058550279821132884e-07
3.188667347196584160e-07
3.041014252551160643e-07
3.163673038341600355e-07
3.177859007270705748e-07
3.143914978768552061e-07
3.087542431177132220e-07
3.101386827467982776e-07
2.908972673004658036e-07
3.070802033969751357e-07
3.260583642955868020e-07
3.055351195160053751e-07
2.871340905547426470e-07
2.959908351385487593e-07
3.273441341841623592e-07
2.994876412271324766e-07
3.334790138284429683e-07
2.971483528094668124e-07
3.205281766203012588e-07
3.108129467243974074e-07
3.063168062618272149e-07
-1.374656789186512421e-06
3.211297885975577523e-07
3.134920123841648345e-07
3.212211669284389097e-07
2.913881690909269679e-07
3.346067976443582169e-07
2.969246620513032620e-07
3.149920779309748195e-07
3.097337508157351385e-07
3.404569275548323512e-07
2.983228673057603233e-07
3.221888604024243432e-07
3.086716475061745174e-07
3.101537819353495907e-07
3.100437119717218656e-07
2.932965659168966411e-07
3.102187693755857007e-07
3.231533374624310335e-07
3.106021636408491930e-07
3.273507309291591748e-07
3.196132810741967823e-07
3.152863050013950133e-07
4.175235270889581846e-07
3.200558491974102387e-07
3.062251017148629584e-07
2.954804879587761965e-07
2.949494304396615844e-07
3.052409923733452274e-07
2.942538182202616111e-07
3.018489834649367385e-07
3.113622695239475047e-07
3.147100665999627190e-07
3.238071120094146041e-07
3.108272609841714970e-07
3.062560037624357936e-07
3.090326338090724550e-07
3.146299569456747563e-07
3.104324639480457509e-07
3.238972205251372489e-07
3.295414966984331913e-07
3.032961743619365041e-07
3.266467058483972942e-07
3.019569097577315832e-07
3.084975199050780401e-07
3.085409590303629746e-07
3.144678053687002216e-07
2.982754049380283192e-07
2.982673375162432994e-07
3.430986904129651507e-07
3.116652902685858344e-07
3.206765414616618970e-07
3.048006875688662490e-07
3.077749704748854073e-07
3.074179774508670645e-07
3.208944307857643934e-07
3.217512170006782087e-07
3.126944182916255706e-07
3.014791464271968279e-07
7.060584909577640681e-07
3.054487868964544236e-07
2.984807094682328659e-07
3.000847493035520901e-07
3.102205535298480950e-07
3.011488927748787344e-07
3.042595813745220381e-07
3.074713252639124660e-07
3.045760185569443323e-07
3.194579491087521495e-07
4.246953567987853416e-07
3.028840806628575442e-07
3.114106463004504956e-07
3.231238434609567213e-07
3.212167745302503652e-07
2.516016707357809659e-07
3.092654579463724952e-07
3.069256073724649595e-07
3.012629308900527712e-07
3.083653456825423811e-07
3.126451119189137352e-07
3.020195675129232015e-07
2.879631828731434733e-07
3.141301991975360789e-07
3.035994290582105249e-07
3.114415024720793447e-07
3.038278944270849955e-07
3.060393178451678503e-07
2.938788022014916453e-07
3.092415871289433173e-07
3.039079233069813193e-07
3.240222632634672845e-07
3.208730970998530069e-07
2.918264717801746746e-07
3.043829824703730599e-07
3.109208205809564372e-07
3.114372172864627355e-07
3.040157038288223430e-07
3.661025051491991995e-07
3.114282597283479755e-07
2.967201011453093708e-07
3.074594967833554453e-07
2.998330287063293178e-07
3.132760487239389638e-07
3.084886465715267363e-07
3.019047014668154511e-07
3.149538494008577969e-07
3.172121171515519516e-07
3.184527165090904669e-07
3.022996058539192161e-07
3.231062979453615084e-07
3.177857190241893790e-07
3.043847938823572907e-07
3.077467134307085516e-07
3.081292282287364290e-07
2.972317055647907294e-07
2.907241248746783322e-07
2.992508033079050897e-07
3.084961767874992779e-07
3.049870707223608601e-07
3.205175510292389662e-07
3.101968717873426845e-07
2.909727958472804845e-07
3.058561808983568180e-07
3.174149258331083672e-07
5.346743381692790274e-07
3.053334183065279947e-07
3.108636277421606272e-07
3.077864248276757862e-07
3.104603614260093193e-07
3.124041377099136028e-07
3.246922110591159161e-07
3.044444233882408291e-07
3.086020087690830218e-07
-4.690657079352808587e-07
3.179448021385286409e-07
3.108699997881353319e-07
3.008397255005932368e-07
3.288045994130287629e-07
3.370036839929975619e-07
3.060462076926128285e-07
3.124841559946284786e-07
2.924335341743784481e-07
3.139013189295710553e-07
3.030093907992964159e-07
3.118016178741125529e-07
3.113992892963891210e-07
3.039661306678098071e-07
3.104152387373502079e-07
3.148864953717775046e-07
3.089429954798811933e-07
3.136971712294123272e-07
2.978742075960088777e-07
3.009976579342244869e-07
-1.244062435495935120e-06
3.136040136023372001e-07
2.985877586784513106e-07
3.085351235633171696e-07
3.073029022779271776e-07
3.228578612857131503e-07
3.136625643998107223e-07
3.086276371247176433e-07
3.087380484815669869e-07
3.115119002236719918e-07
2.943166571090864095e-07
2.903527633969595223e-07
3.144245784363029812e-07
3.156625057265393772e-07
2.972182746960156512e-07
3.016832189115612528e-07
3.022630213152339603e-07
3.105462660354104165e-07
3.261611291672074499e-07
3.111068922504399946e-07
3.139168413607303914e-07
2.955148842943487789e-07
2.986512103692650054e-07
3.011069600789197651e-07
3.013361433913933398e-07
3.132315253528775582e-07
2.990688177406491435e-07
3.038838304956985719e-07
2.894889720470684662e-07
3.328744293304415432e-07
3.104155525832010385e-07
3.297342850792071705e-07
3.142835086639635037e-07
3.024315523070103813e-07
2.777875971155569657e-07
3.054651493757920703e-07
3.081207660054391244e-07
2.993193452629044312e-07
3.220928134739855365e-07
7.144122861812200993e-06
3.052374689866729717e-07
3.086474644082254775e-07
3.115641629371942330e-07
3.198990168221878594e-07
3.199035548636900889e-07
3.183837229896313920e-07
3.105048509883142298e-07
3.264299999121212238e-07
3.217241821020897325e-07
3.258491215720775927e-07
2.985698797540638192e-07
3.305227167992451780e-07
2.968423501412119376e-07
3.112294237825185634e-07
2.927474174968215352e-07
2.937134570260996736e-07
3.120859821420900618e-07
3.085229116443338178e-07
3.003827089188546411e-07
2.957951289911164781e-07
3.262617730597830401e-07
3.050435884903844600e-07
2.954114997638731130e-07
3.115992703967793590e-07
3.116611081416472770e-07
3.197011338380915793e-07
3.126422451277866892e-07
3.128299625543034930e-07
3.097948841031499304e-07
3.277648683477629238e-07
3.022671288010024014e-07
3.128316456223759481e-07
2.987760275374562422e-07
3.033697115494820320e-07
3.117315922676009525e-07
3.091523961519333536e-07
2.980735281629873581e-07
3.051272934456112823e-07
3.154812700918187068e-07
2.962139840046184236e-07
3.156232908168730552e-07
3.141423666933527279e-07
3.178926298256065117e-07
2.663113417355024367e-06
3.428622554763566274e-07
2.897670043855979498e-07
3.125241357593036404e-07
3.025452027449151102e-07
3.110348433981670987e-07
3.034623042569318129e-07
2.977880575543019219e-07
3.135918243732556991e-07
3.148991871578829275e-07
3.160265586242615479e-07
3.091362203865255127e-07
3.035175207726815178e-07
2.993845868847884722e-07
3.097506589606558880e-07
3.151864734843096390e-07
3.137301115279882168e-07
2.935537170348571149e-07
3.109823491811570478e-07
3.228582293136551375e-07
3.132925341580499972e-07
3.137527118500466915e-07
3.428664744669115796e-07
3.108146095214487871e-07
2.972224103552281658e-07
3.194041609717613717e-07
2.905925248727485042e-07
3.043781585459533044e-07
5.957515380816447880e-06
2.913512314721678660e-07
3.180491480370198915e-07
2.971915265585171734e-07
3.152831783348782762e-07
3.105097848366265682e-07
3.030468067963035731e-07
3.521395907461033835e-07
3.151507238132405035e-07
3.154071407149992430e-07
3.136014876696229518e-07
3.150071687762411730e-07
3.524838264803639243e-07
3.075507773347287172e-07
3.045851481887337421e-07
2.939921456159257247e-07
3.082808186218946680e-07
6.527460029459846066e-06
-2.206220164512274546e-06
3.157164275431908272e-07
3.148782661624812822e-07
2.899818503599022287e-07
3.074760535162588789e-07
3.129734672924772005e-07
3.257746727987372910e-07
3.033017171861471939e-07
3.693153672081017575e-07
-5.748452021087235096e-07
3.067177248220558899e-07
3.073966863528833049e-07
3.126459210209933514e-07
3.097831004678632351e-07
3.166436311170593159e-07
3.152974798486323950e-07
3.034011400408388827e-07
2.877091707702328209e-07
3.127707032092940823e-07
3.627880977068917302e-07
3.226247456633111505e-07
3.117162139880753830e-07
3.212492737460504250e-07
3.127648900049881305e-07
3.289718101240646659e-07
3.043298582381063485e-07
3.180537632396123438e-07
3.097423558286945640e-07
3.216637310165242541e-07
3.128837657524676270e-07
3.087196235314662004e-07
3.009143461227208349e-07
3.032432156269022894e-07
3.099632405676479751e-07
3.100362659334987515e-07
2.993607043329717366e-07
3.460752327709174034e-07
2.965852431418015077e-07
3.146543469192440057e-07
2.900944141182537898e-07
3.247483299515145337e-07
3.119300568209223155e-07
3.189800316556628148e-07
2.997916300321601435e-07
3.062817246388145875e-07
3.173748091745181323e-07
3.184468469194286315e-07
3.096140407769635977e-07
3.090104008787332156e-07
3.098849993929394791e-07
9.192792660708381011e-07
3.099731112195163949e-07
3.175707130841799307e-07
3.170477270201051312e-07
3.596757100716651856e-07
2.943759336591765345e-07
3.200726194747452954e-07
3.290846828094812466e-07
2.958316627667865974e-07
3.166517272732089794e-07
3.163666442628567390e-07
2.996686960953602569e-07
3.103389824498339177e-07
-1.363725586769582609e-06
3.253951330351427244e-07
3.069882202927641001e-07
1.937452306081391054e-06
3.062729547597334676e-07
3.110398676995185118e-07
3.131150786458093386e-07
3.107066333451918363e-07
3.183656989475118301e-07
2.996951143437985778e-07
3.159425382164834669e-07
3.189606534294930637e-07
3.448064057853462800e-06
3.165133437695963186e-07
3.058002487938832163e-07
3.013151329489954623e-07
3.025881831784039701e-07
3.061368441165368577e-07
3.081888276738908255e-07
3.137589980272299817e-07
3.046363793008638801e-07
3.067834687564778512e-07
3.225822815320495414e-07
2.996147616481934251e-07
3.132397348103761198e-07
3.148595833461475556e-07
3.182078062178124816e-07
2.961410551564061349e-07
3.024367087318320954e-07
3.106455596248210826e-07
3.047179600118687876e-07
6.616994575650025617e-06
3.098289707152144886e-07
2.993670357572909756e-07
3.106654162760506942e-07
3.057333918194652452e-07
3.268790606073342212e-07
3.112423039191669242e-07
2.951501073560594152e-07
3.122922570709505839e-07
3.142933346895183443e-07
2.942486675631844375e-07
3.165351967262402171e-07
2.899584097456268869e-07
3.100553004390149621e-07
3.006964424678627215e-07
3.035646160656264870e-07
3.334644242702935374e-07
3.078546327894258276e-07
2.978381704531362673e-07
3.178253258040127955e-07
3.081101283022680072e-07
3.117896222097833993e-07
2.816272249910071638e-07
3.160976419095780692e-07
3.251480171355454181e-07
3.206222343270608341e-07
3.119830337755732334e-07
3.046963205901168035e-07
3.025546983009771317e-07
3.045596502118645094e-07
3.432418877313658977e-07
3.182437196622500237e-07
3.014359983437453122e-07
3.028449058005934486e-07
2.997769761061505831e-07
3.140573413675527261e-07
3.327417450015186547e-07
3.210564971244972626e-07
3.014103116638792383e-07
3.004855622546353168e-07
3.103509603827612299e-07
3.347950550575426164e-07
3.099098526032415584e-07
3.012100812602256320e-07
3.083526169450597444e-07
2.954751906082456954e-07
3.016466088311997659e-07
3.101559680887274468e-07
3.127921659538474041e-07
2.985623764423555826e-07
3.243226642463597550e-07
5.606317248178318118e-06
2.990388925517978802e-07
3.036129691604931827e-07
3.142793846701938766e-07
3.182370106515522776e-07
3.168772662689548227e-07
3.086856071756407446e-07
3.299526546652873167e-07
3.058649895888404761e-07
3.171874158536871222e-07
3.165933492003920375e-07
3.065921346169527589e-07
2.908360298097125192e-06
3.208892797325512979e-07
3.143972417383669914e-07
3.122722669806328508e-07
3.009580586052471403e-07
3.114793721476525389e-07
3.164390956743256749e-07
3.040731310664398594e-07
3.192425543591773254e-07
6.114403562354893533e-06
3.024325396862275416e-07
3.377840290322406697e-07
3.158541526937306108e-07
3.024492972431048642e-07
3.204798133711451462e-07
2.994763644798412774e-07
2.984007874254682704e-07
3.123184234861353731e-07
2.994029643615656480e-07
3.114071974370218883e-07
3.346439484205321767e-07
3.171808275794261432e-07
3.329622681015719096e-07
3.242205358011136063e-07
3.102204220409838249e-07
2.948768299123126540e-07
3.142240868063275244e-07
3.145973528901531721e-07
3.043752149384930564e-07
-1.825739695771936112e-06
3.152489645386966701e-07
3.093463415710050423e-07
2.935064169632398406e-07
3.132119334541069172e-07
3.074334280335531339e-07
3.037100393749421983e-07
3.225823117744008642e-07
3.001156921839756156e-07
3.232565902308662569e-07
3.188444721547659801e-07
3.015574027123060116e-07
3.149433476473686515e-07
3.192876558211844788e-07
3.056886562570634630e-07
2.960848628231280857e-07
3.060999568382516712e-07
3.150726176520432550e-07
3.008798537655981155e-07
3.061564988900103785e-07
2.944506598622801768e-07
3.134976557866200809e-07
3.096047772522691066e-07
3.171366770736538119e-07
3.160538705865201663e-07
3.078093377847635106e-07
3.185327352020005785e-07
3.049358489551039780e-07
3.083691563810592748e-07
2.975264066687347127e-07
3.113690544855675905e-07
3.014388635935069164e-07
2.984402329817756253e-07
3.210239347459654809e-07
3.111591722061494517e-07
3.153597332494563088e-07
3.068739782307863805e-07
3.150796310113150081e-07
3.319694023872801679e-07
3.178785502975847164e-07
3.149962194178360563e-07
3.120892116746239245e-07
3.084891892213983729e-07
3.060858932150833583e-07
5.987847943107903987e-06
2.392439045767123255e-06
2.980242128551419614e-07
2.256850787115513098e-06
3.316230075945212587e-07
2.991145055640185598e-07
3.034553750305903271e-07
3.020640773950144094e-07
3.165184228808742143e-07
3.112352470947885355e-07
3.001105372023661182e-07
2.826638751178927379e-07
3.069471450947216816e-07
3.034890963687488348e-07
2.881801884348477337e-07
3.089780417954370922e-07
3.058251735436996949e-07
3.020323065527704845e-07
2.980102825818615774e-07
2.967382273978515039e-07
3.177094798429856850e-07
3.076440566878919900e-07
3.122002503418025799e-07
3.069414329393869355e-07
3.036685058151838156e-07
3.056770465329017257e-07
3.054925092314776008e-07
3.046263074923376817e-07
3.180853008939721338e-07
3.113170921106257824e-07
2.958710473452435896e-07
3.163090976186103544e-07
3.123788587570714658e-07
2.992096614472887494e-07
3.038295076050196993e-07
3.139712203337675394e-07
3.023681622837970954e-07
3.098038287945981642e-07
3.158160416053894461e-07
3.134886647211338951e-07
3.954538575790000378e-06
2.945592268111505240e-07
3.250251093808430981e-07
3.113098819270084662e-07
3.228438189438982889e-07
3.086146781514504283e-07
3.252221687869255035e-07
3.200593383557958216e-07
2.929968630275877497e-07
3.079130605804979285e-07
3.029801128021674780e-07
2.402101948819224560e-06
4.999285980858627243e-06
2.978089299453389267e-07
3.159655122557011564e-07
2.883657252971193961e-07
3.141278789996024801e-07
3.160806367805604349e-07
3.266261692022882830e-07
3.070236342754825431e-07
3.016215816986144459e-07
3.096915745061524864e-07
3.105577334059636529e-07
3.326232599544149534e-07
3.102464399583810019e-07
3.052574294441089690e-07
3.076569021469949201e-07
3.129169573646861692e-07
3.186364798478083388e-07
3.138788204469337681e-07
7.910364425336532879e-07
3.034653704853109054e-07
3.138059624262534940e-07
3.068448427929705417e-07
3.122512716866190006e-07
3.007454701319485905e-07
3.041487445612018682e-07
3.147038697462310880e-07
3.107175678437443759e-07
3.066497122545383477e-07
3.056992005581461675e-07
3.077061348761119050e-07
3.207298588340889620e-07
3.123263740816185269e-07
3.179009577501512098e-07
3.161872218187319406e-07
2.976330669995230217e-07
3.058162076632021015e-07
3.046515846734006629e-07
-1.466414491962214604e-06
3.215507096150428472e-07
3.272546593299381083e-07
3.379229103282561496e-07
3.153614800950508691e-07
3.065741859456933983e-07
2.994475485397456437e-07
3.026957299894559745e-07
3.044648951081981721e-07
3.163986431262174401e-07
2.946987115717355873e-07
3.208472123887731036e-07
3.092172829499696313e-07
3.062679067381908842e-07
3.115277531660235790e-07
3.062918791975261363e-07
3.069242339002324405e-07
2.982073197330258435e-07
3.159551315882005348e-07
3.156446997026271558e-07
3.173710425861329396e-07
3.049261351198550829e-07
3.345850393415106981e-07
3.143192529270729662e-07
3.138136213325125062e-07
3.087352909393220155e-07
3.151608869006141428e-07
3.122467581796482227e-07
2.964991259790302112e-07
3.257065072623949826e-07
2.128145813229958500e-06
3.105597029008266603e-07
2.922870642774245943e-07
2.984272119799342701e-07
3.223731464300045056e-07
3.021797142721161021e-07
3.193531457354446523e-07
3.130617023310143401e-07
3.039677924412616276e-07
3.081268239059834858e-07
3.077896330097556729e-07
3.096034063679617400e-07
3.129137766202102296e-07
3.092233109778780989e-07
3.062649918515867456e-07
2.986956047531617744e-07
3.144957596361404163e-07
3.050192932965411433e-07
3.014847764572710914e-07
3.052937840098867452e-07
3.181522110266896906e-07
3.206645032004927947e-07
3.119256306705952345e-07
3.055568540574115896e-07
3.476706894675942685e-07
3.081760166515411292e-07
9.752866677282649783e-07
3.076468182850599156e-07
3.172766960323231199e-07
3.111201740161859445e-07
-2.816636386499022176e-06
2.981116332683604277e-07
3.279942037134509419e-07
2.995675162967101000e-07
3.065426680543197274e-07
3.312834545250676458e-07
3.009056792453217137e-07
3.095059870593956688e-07
3.230369504146221115e-07
2.995523798117114678e-07
2.966729394642445601e-07
2.741216712788036853e-06
3.072204839769453278e-07
3.119796447817099226e-07
3.041347595233989322e-07
3.130664794728791942e-07
3.210873565645501753e-07
3.048403492101309450e-07
2.976728173947796560e-07
2.899695688770882336e-07
-4.165768677099246828e-07
2.985555908926778439e-07
3.198996473625460255e-07
3.164817146164257486e-07
3.254722753670046152e-07
3.221444064803632301e-07
3.013802970720132934e-07
-1.889984882271399853e-06
3.073526969672310469e-07
3.186344012878619949e-07
3.081162691324952766e-07
3.076945047539252898e-07
3.298730584441470237e-07
3.722918501978423801e-07
3.105893600884737411e-07
3.258953613274386185e-07
2.995076086334023624e-07
3.186037634017189270e-07
3.067254325198109319e-07
3.271895282813727401e-07
3.212462098751944177e-07
3.107865586035518445e-07
3.336808625369885651e-07
3.205158258852548425e-07
3.242968548888161646e-07
3.053341583932809878e-07
3.118795501017911451e-07
3.156155699042298366e-07
3.126740890563984875e-07
3.285585465169952861e-07
2.933420252220348560e-07
2.965926406221951771e-07
2.953354090864062729e-07
2.992567851974994217e-07
3.171567476121652374e-07
2.974128775693988090e-07
3.286555626037967701e-07
3.094479154594644083e-07
2.944302541807325763e-07
3.080728724756609542e-07
3.404265016630012203e-07
3.078290923888964497e-07
3.128543261042537894e-07
3.115670687525439157e-07
3.090569836733771679e-07
3.106119993874105283e-07
2.868138894811345507e-07
3.184858961452405050e-07
1.004991253972972606e-06
3.053073475129981825e-07
3.121520028019536508e-07
3.142849510257164951e-07
3.211274786698446407e-07
3.794591280085327959e-07
3.010121314461626616e-07
3.038971101625207014e-07
2.879736336546962235e-07
3.072106101709694168e-07
3.028262017852038856e-07
2.961349882436032682e-07
3.099343758019264426e-07
3.022138760990743029e-07
3.127635837859376024e-07
3.055401237506062842e-07
3.057004501901013867e-07
3.147258082351014064e-07
3.266434812662714177e-07
3.095899457355302916e-07
3.209884089821325977e-07
3.048660313115167530e-07
6.064011520871534384e-06
3.090347025377997654e-07
3.051971338880646882e-07
3.140588977874716189e-07
3.075889811593491051e-07
3.071242189671276752e-07
3.153533133716624157e-07
3.088980187527099822e-07
3.183219318828663827e-07
3.163069792470891503e-07
3.065424125594797723e-07
2.981242703515853273e-07
3.153053238299987545e-07
3.022718792134003752e-07
3.120082848828960790e-07
2.989034018838666633e-07
3.047306621877795503e-07
3.130175636631108936e-07
3.079476449457906674e-07
3.076918136127363647e-07
3.094290026718354763e-07
3.069821423625648309e-07
3.334635427139590489e-07
3.035075449345401665e-07
3.086903957392153379e-07
3.103465642092457249e-07
2.991653768585080797e-07
3.196342342974906936e-07
3.203434106272609882e-07
3.112040300727341252e-07
3.115425459158957363e-07
3.012780890066805073e-07
3.269256588726794659e-07
2.377900673855700567e-06
3.059433607956703625e-07
3.204133449992830984e-07
3.035450689103055585e-07
3.125912871336883534e-07
3.065850235511047217e-07
3.145559141433360603e-07
3.186894493429167524e-07
3.038989916502809124e-07
3.080844820649264478e-07
2.985390223005235023e-07
3.258604338450195665e-07
3.012391038379803271e-07
3.112733725172485144e-07
3.088390077061918582e-07
4.240243315760895809e-06
3.030737223969264438e-07
3.102123095059125379e-07
3.072936318600694032e-07
3.140100011766366983e-07
3.153696959205553042e-07
2.975937617576516607e-06
3.202445950499153405e-07
3.095665386145871750e-07
3.238018510211100385e-07
3.149372123473415676e-07
3.086760680627496426e-07
3.019191522055583666e-07
3.096540715201886292e-07
2.914973920682822893e-07
3.075451383287396970e-07
3.403514665164587762e-07
3.044423913998417270e-07
3.090508727758674804e-07
2.959861336186310361e-07
3.139744537944851458e-07
3.070442865355177989e-07
3.254481788630619878e-07
2.939380209166831044e-07
2.895205965082889662e-07
2.986298411879495438e-07
3.097078610392043459e-07
3.135385059642441658e-07
3.116606123366990602e-07
2.887027761604027310e-07
2.943012609443670380e-07
2.750787752825785578e-07
3.105407242369427027e-07
3.000603586808990051e-07
3.097568585112590549e-07
3.076240464712351438e-07
2.907933471992077398e-07
3.175543269307590875e-07
3.061636924060012969e-07
3.253011810618179771e-07
3.225739947879806609e-07
3.276267085445987208e-07
3.113753166620953490e-07
3.061085230686450010e-07
2.918899173534280096e-07
3.004228162851362614e-07
3.162841049119865390e-07
6.346351585466522824e-06
3.185738716946305836e-07
3.064636712695875401e-07
3.197819904950718991e-07
3.168542873193298545e-07
3.196355206996304442e-07
3.019066190170592956e-07
3.222854955532431422e-07
3.321920951641147923e-07
2.932558105926571092e-07
3.181483115806406496e-07
4.159899185229996214e-06
3.040856192809272732e-07
2.933996203394973348e-07
3.203367372453611892e-07
3.101507962183165319e-07
2.883361123832315647e-07
3.014009333684367618e-07
3.148320787499202904e-07
3.060491642359584999e-07
3.075960288718770251e-07
3.102425492185882201e-07
3.170889832688807682e-07
3.057796977793867141e-07
3.027839074915483601e-07
5.734889892993126757e-06
2.938430660760317361e-07
3.104996822642762836e-07
2.995304981191311500e-07
3.067360341582193675e-07
2.994172878552622652e-07
3.018445882132988061e-07
2.946646040846889395e-07
3.109523521731982501e-07
3.245862139381825836e-07
3.192093240982210345e-07
2.933665843504582231e-07
4.045589892095333594e-06
3.060927050121383811e-07
3.094299412556126097e-07
3.150016760636267260e-07
3.024031176317237223e-07
3.103962248268224640e-07
3.158730028674124206e-07
3.209698369524855139e-07
3.060018722985277377e-07
3.191783928372216259e-07
3.181646460694750752e-07
3.086657644297192531e-07
3.111796784289581916e-07
3.060767304614095993e-07
3.077861061896719468e-07
3.096559941333248470e-07
3.073043740160395120e-07
3.046198270511166832e-07
3.024751702098502371e-07
2.953442446949128569e-07
2.915078798297031064e-07
3.161751533367155644e-07
3.125158837785123657e-07
2.959813359556427471e-07
3.166359278363294191e-07
2.991672160949878206e-07
3.015955788536449400e-07
3.108034062416015609e-07
3.035187230176155662e-07
3.073890856836183395e-07
2.949254060827894429e-07
3.071704969362361736e-07
3.039431251266156107e-07
2.883907626354688547e-07
2.987513718252680605e-07
3.196515318658149783e-07
3.304580855177029349e-07
2.887010111423919550e-07
3.052710353618827323e-07
3.039626287020430692e-07
3.268586040411168007e-07
3.054009000067912495e-07
2.979461583150494882e-07
2.961454287541762193e-07
3.144369616942690094e-07
3.125831880455255138e-07
3.061746040945224909e-07
3.062289380737687037e-07
4.581845966715060126e-06
3.123321266780460901e-07
3.212311440778367618e-07
3.594738846742260328e-07
3.339984952591222477e-07
3.370063893149622153e-07
3.088494860218211084e-07
3.099848034288230088e-07
3.105226369562426890e-07
3.239410056645284429e-07
3.204821358133516721e-07
3.075778325275090668e-07
3.062160448899435781e-07
3.182591099837602541e-07
3.224569314630449350e-07
3.146087603193414114e-07
3.141205706142209251e-07
3.292507261899077514e-07
2.976637561928603489e-07
3.227708635110775830e-07
2.984370345329907225e-07
2.986150528575445277e-07
3.040662741878719399e-07
3.284180894799575363e-07
2.966346604305549400e-07
3.040068341830865789e-07
3.172676112408941561e-07
3.210227023133370811e-07
3.145469020532882251e-07
2.954863729375310351e-07
3.105478741209512777e-07
3.061489211366182372e-07
2.992565710703699585e-07
2.931452237039024684e-07
2.967073133172262349e-07
3.079326305923636406e-07
3.451329774961039879e-07
-2.656606013397062371e-07
3.194618184179002287e-07
3.045475168113683070e-07
3.007020109176165450e-07
3.333024882775398469e-07
3.078142925199836860e-07
3.144305233116912717e-07
3.028705492601931602e-07
3.239880910731595476e-07
3.157743099708712173e-07
4.781930097341982061e-06
2.979841948323340592e-07
3.095977009452688516e-07
3.106159412575022028e-07
3.052477566176237843e-07
3.072546837729323302e-07
3.077903007243830082e-07
3.011931326228230001e-07
3.270317546168884780e-07
3.146014428970738152e-07
3.116160450340559460e-07
3.093962404674121267e-07
3.038875448962120918e-07
3.120853908236281467e-07
3.038829196522657606e-07
3.074188378045806080e-07
3.097237096818292868e-07
2.933448283931199506e-07
3.186745596852951309e-07
3.129011677258008281e-07
3.053736070934016307e-07
3.251432284785770779e-07
3.020134609803144751e-07
3.189444009057176618e-07
2.974905259991128931e-07
3.045292332624334766e-07
3.117495677655924101e-07
3.241771687300388299e-07
3.119380962241238603e-07
3.118128909552304865e-07
3.076270368235699268e-07
3.123491172766246428e-07
3.181242855219221924e-07
3.127459286517568503e-07
3.096464439278717446e-07
3.007110511855002137e-07
3.242490384493140394e-07
3.046979465013124619e-07
5.933013086814954987e-06
3.143657400943579158e-07
3.034585075460418833e-07
3.067016623246045260e-07
3.099534629653389964e-07
2.977897726345210515e-07
3.198313075872329627e-07
2.955378232219276637e-07
2.998811458368694852e-07
3.083536844362106931e-07
3.041916346006098052e-07
3.086523054257791613e-07
3.329707616797817961e-07
3.157434116837325975e-07
3.513979857137207937e-07
2.976997311378095102e-07
3.271805181038401730e-07
3.038975721315252595e-07
3.276363792566949574e-07
3.434203222229728380e-07
3.134793662570028210e-07
2.980398294695435581e-07
3.147237362762570444e-07
3.201661297206493064e-07
3.033407073399942990e-07
3.090986252179266188e-07
3.027026288141238988e-07
3.098836520554220330e-07
3.096628964834520533e-07
3.053828203746850882e-07
3.076251871342356839e-07
3.288201302846185790e-07
2.377023533467340255e-06
3.019686289345227119e-07
3.078926338008665365e-07
3.280260019194880452e-07
2.851598003395190315e-07
3.171039779175171804e-07
3.586021953924692385e-07
2.993453680370137214e-07
2.942701512321623795e-07
3.033878499084214994e-07
3.090463135339187452e-07
2.973159984031115620e-07
3.006221138109689742e-07
4.355486990664379272e-07
3.245873277798881311e-07
3.071595228222718105e-07
3.164382026136865232e-07
3.178300031586324814e-07
3.040177144973395882e-07
3.091338224168492226e-07
3.006416959412807466e-07
3.095095435871756865e-07
3.102338767626397434e-07
3.027878811290253687e-07
3.110607334269209566e-07
3.110930977824505757e-07
3.345215488821737610e-07
2.844036684303732552e-07
3.153848636255737157e-07
3.002515800916494076e-07
3.177808186290067527e-07
3.130077024815051403e-07
2.925753290694246071e-07
3.172958197369951515e-07
3.222485356314682998e-07
3.047281742000309035e-07
2.976356845990259596e-07
